4.82231 97.843
4.82410 94.306
4.83071 100.000
8.35463 6.721
8.36611 8.123
8.36922 7.395
9.65318 9.710
9.65677 8.300
9.67004 10.532
12.77699 1.721
12.77903 2.561
12.78957 3.992
12.79501 1.764
12.79915 2.488
12.80255 3.556
14.03468 0.230
14.03470 0.229
14.03530 0.571
14.03532 0.573
14.03760 0.166
14.50132 0.008
14.50673 0.005
14.52673 0.012
15.61829 0.349
15.61832 0.348
15.62450 0.001
15.62618 0.169
15.62620 0.167
16.35615 0.284
16.35618 0.284
16.35829 0.691
16.35832 0.693
16.36621 0.202
16.75408 0.558
16.77724 1.217
16.78350 0.772
17.44423 0.016
17.44825 0.124
17.45722 0.307
17.46475 0.016
17.47608 0.032
17.47959 0.285
18.39070 0.314
18.39074 0.311
18.39213 0.659
18.39217 0.664
18.39953 0.064
18.39955 0.065
18.40334 0.279
18.40337 0.274
18.40625 0.005
18.40627 0.005
18.40864 0.252
18.40865 0.257
19.37572 0.024
19.38299 0.012
19.40981 0.029
19.64270 0.002
19.64274 0.002
21.12783 0.057
21.15044 0.248
21.16692 0.144
21.37108 0.354
21.37113 0.350
21.38942 0.006
21.38944 0.005
21.39438 0.223
21.39440 0.225
21.92119 0.009
21.92124 0.009
21.92442 0.122
21.92446 0.127
21.93163 0.020
21.93167 0.021
21.93768 0.009
21.93772 0.008
21.94961 0.084
22.22576 0.020
22.23174 0.008
22.23901 0.034
22.24856 0.006
22.26703 0.043
22.27061 0.034
23.50111 0.008
23.50116 0.009
23.50715 0.015
23.50720 0.016
23.52950 0.007
24.28581 0.121
24.29496 0.024
24.32878 0.187
24.97832 0.130
24.97837 0.129
24.99763 0.010
24.99767 0.010
25.01171 0.071
25.01173 0.071
25.24540 0.002
25.28063 0.022
25.29015 0.007
25.71638 0.006
25.74203 0.014
25.75313 0.005
25.76157 0.032
25.76850 0.008
25.92204 0.014
25.92209 0.013
25.92721 0.024
25.92726 0.026
25.93351 0.007
25.93355 0.008
25.94177 0.022
25.94181 0.021
25.96088 0.022
26.52295 11.833
26.97357 1.555
26.97359 1.558
26.97391 1.500
26.97393 1.502
26.97514 3.192
27.08747 0.005
27.13817 0.014
27.72456 0.076
27.72461 0.078
27.73266 0.140
27.73270 0.142
27.76258 0.060
27.85371 0.304
27.85375 0.314
27.85729 0.367
27.85731 0.382
27.85826 0.342
27.85828 0.340
28.28560 0.590
28.28563 0.570
28.28687 0.500
28.28690 0.493
28.29158 1.263
28.57659 0.014
28.57664 0.014
28.61651 0.010
28.61653 0.011
28.99735 0.016
28.99740 0.017
29.00108 0.012
29.00113 0.012
29.02032 0.002
29.02036 0.002
29.03026 0.018
29.03029 0.019
29.04403 0.006
29.04405 0.006
29.24162 0.087
29.25272 0.002
29.29372 0.176
29.54206 0.177
29.54211 0.170
29.54297 0.245
29.54302 0.253
29.54771 0.386
29.54775 0.391
29.55015 0.181
29.55019 0.175
29.55202 0.254
29.55204 0.248
29.55355 0.341
29.55357 0.353
29.68052 0.002
