7.62934 100.000
8.19133 69.542
8.37086 38.272
13.45709 2.840
13.78648 1.083
14.72861 0.841
15.29276 1.323
16.42489 7.438
16.78682 1.994
20.34988 0.982
20.71848 0.436
21.00695 1.034
21.57666 1.512
22.40227 0.525
22.60495 0.086
23.02575 0.040
24.51567 12.715
24.74492 0.324
24.79584 3.209
24.92636 0.355
25.29519 0.057
25.89624 2.398
25.99893 2.551
26.30997 0.187
26.59630 0.063
26.81838 27.393
27.10438 2.075
27.36910 6.863
27.44438 4.224
27.75783 0.002
27.77773 2.326
27.79946 0.012
27.93885 0.379
28.14401 0.392
29.00019 0.080
29.05842 0.346
29.61192 0.126
29.70785 0.652
29.72960 0.408
29.74250 0.025
29.77087 0.003
29.84726 0.150
29.95136 0.628
30.16223 0.342
30.51271 0.492
30.59192 0.677
30.86142 2.987
30.86673 0.163
30.91772 0.138
31.28111 9.761
31.72146 0.547
31.87741 0.024
32.24199 1.374
32.75269 1.768
32.89770 0.069
33.19994 0.287
33.51451 0.226
33.94809 0.472
33.99212 0.099
34.10006 0.002
34.24844 0.132
34.40785 0.397
34.67286 0.066
34.67775 0.374
34.69806 0.148
34.72522 0.275
34.95746 0.157
35.39854 0.006
35.45644 0.020
35.63058 0.007
35.66903 0.231
35.74178 0.541
35.85568 0.250
35.92948 0.060
36.15241 0.504
37.21093 0.037
37.30123 0.189
37.41000 0.458
37.47633 0.652
37.48187 2.654
37.49842 0.607
38.41996 0.632
38.47874 0.512
38.57713 0.008
38.85901 0.025
38.91326 0.014
39.09197 0.030
39.15589 0.071
39.30286 0.055
39.46689 0.328
39.50514 0.519
39.50519 1.183
39.52670 1.233
39.87444 0.004
39.90313 0.015
40.25126 0.066
40.59104 0.131
40.63630 0.424
40.92683 0.012
41.46514 0.418
41.65156 0.014
41.84561 0.327
42.15603 0.557
42.18664 0.006
42.18673 0.064
42.20765 1.517
42.28673 0.006
42.45368 0.038
42.67726 0.380
42.76475 0.128
42.80570 0.427
43.40748 0.129
43.46527 2.298
43.73027 0.162
43.81984 0.095
43.96982 0.333
44.12730 0.012
44.17984 0.006
44.21545 0.509
44.59493 0.283
44.74175 0.415
45.18668 0.349
45.22955 0.145
45.24183 0.035
45.42416 0.229
45.68771 0.036
45.72333 0.549
45.81523 0.029
46.04542 0.301
46.09336 0.582
46.15515 0.470
46.30529 0.158
46.37381 0.061
46.37393 0.171
46.52161 0.086
46.72098 0.026
47.07848 0.407
47.28970 0.171
47.34103 0.042
47.34366 0.026
47.60215 0.033
47.74720 0.461
47.94654 0.377
48.04660 0.017
48.26155 0.642
48.31474 0.060
48.43700 0.272
48.79649 0.076
48.98306 0.026
49.16572 0.210
49.39520 0.014
49.70143 0.022
49.79903 0.056
49.89698 0.107
49.93934 0.006
49.98098 0.339
50.08804 0.373
50.09254 0.045
50.21043 0.045
50.25355 0.004
50.38885 0.002
50.43851 0.128
50.74884 0.020
50.79928 0.045
50.85376 0.527
50.85894 0.054
50.98513 0.099
51.10069 0.002
51.14139 0.004
51.27920 0.018
51.33966 0.149
51.35873 1.264
51.43350 0.065
51.55774 0.167
51.63210 0.008
51.63291 0.004
51.77360 0.226
51.79074 0.051
51.79089 0.091
51.86642 0.006
51.90885 0.165
51.94092 0.019
52.02008 0.066
52.05960 0.142
52.06405 0.755
52.25180 0.032
52.75556 0.008
53.01882 0.016
53.04506 0.067
53.08747 0.015
53.24848 0.078
53.29169 0.025
53.29476 0.476
53.35590 0.006
53.47247 0.003
53.48264 0.072
53.58117 0.020
53.59247 0.135
53.63042 0.661
53.74791 0.002
53.74883 0.007
53.78629 0.242
54.07265 0.028
54.08543 0.073
54.14075 0.040
54.15199 0.005
54.19551 0.075
54.27454 0.005
54.31788 0.033
54.37653 0.081
54.38772 0.175
54.45275 0.215
54.57766 0.132
54.64538 0.017
54.65167 0.495
54.66407 0.256
54.77895 0.002
55.05292 0.016
55.22409 0.030
55.26619 1.768
55.46246 0.035
55.51179 0.020
55.58579 0.018
55.65839 0.079
55.85796 0.089
55.86805 0.020
55.88488 0.004
55.89495 0.481
56.13338 0.075
56.47824 0.004
56.50944 0.008
56.61308 0.017
56.62975 0.003
56.64432 0.600
56.75255 0.006
56.79010 0.102
56.86655 0.019
56.91638 0.041
56.98085 0.021
57.09443 0.091
57.23755 0.009
57.33705 0.032
57.36676 0.004
57.38109 0.006
57.42919 0.293
57.43892 0.004
57.54175 0.006
57.63443 0.203
57.68237 0.006
57.70219 0.001
57.70686 0.050
57.73794 0.059
57.84353 0.044
57.96174 0.053
58.04800 0.073
58.06533 0.006
58.08408 0.003
58.19303 0.094
58.21617 0.005
58.21635 0.012
58.22213 0.004
58.23874 0.005
58.40115 0.004
58.41443 0.001
58.47594 0.436
58.69378 0.039
58.74512 0.063
58.80055 0.167
58.87716 0.002
58.98582 0.088
59.04017 0.001
59.06541 0.023
59.63099 0.072
59.67124 0.039
59.68011 0.018
59.71215 0.616
59.76144 0.041
59.76722 0.001
59.77478 0.006
59.96091 0.283
59.99388 0.011
