8.30723 59.926
12.07580 15.510
14.67002 3.269
14.67959 33.032
15.02629 43.683
15.08363 34.177
15.26532 33.272
15.31721 40.876
16.65853 0.636
19.07667 2.946
19.21293 0.453
19.27052 0.457
19.39452 2.874
20.61877 0.774
20.63253 1.047
22.68481 1.936
22.72654 0.553
23.16581 0.543
23.19749 1.759
24.28838 6.951
25.10010 0.079
25.39506 2.689
25.54592 0.149
25.56817 0.144
25.58620 0.579
25.69785 2.190
25.70412 2.664
25.70534 0.002
25.71651 0.067
26.02495 2.087
26.11010 0.604
26.72569 100.000
27.93212 3.082
27.94763 5.008
27.97209 9.722
28.09371 9.657
29.16730 0.818
29.58763 0.424
29.60725 0.024
29.67096 0.803
30.31903 0.589
30.43685 5.294
30.65556 1.003
30.81031 5.214
30.81315 1.632
30.91701 0.578
31.03517 1.632
31.15592 0.961
31.54849 0.623
31.76631 0.619
32.78826 0.062
32.91009 0.497
32.98030 0.489
33.08598 0.065
33.36155 0.850
33.39302 0.962
33.66731 0.627
33.68277 3.513
33.88166 0.142
33.92519 0.889
33.94537 0.829
34.11964 0.147
34.31432 0.599
35.19635 0.224
35.22156 0.030
35.45864 0.096
35.54810 0.240
35.89653 0.004
35.91305 0.319
36.00374 0.245
36.00415 1.608
36.06117 0.093
36.78912 0.174
36.83755 1.438
36.84752 0.384
36.96309 0.103
37.06608 0.203
37.10090 0.514
37.13252 0.384
37.28741 2.366
37.42834 2.311
37.57176 0.498
37.77559 0.004
37.78619 0.203
37.78745 0.552
37.87149 0.104
38.70936 0.742
38.99430 1.213
39.11479 1.166
39.37435 0.677
39.38795 0.042
39.52421 0.056
39.81761 0.339
39.89640 0.055
39.98411 0.044
40.01087 0.120
40.59906 0.108
40.62369 0.140
40.64601 0.300
40.75958 0.305
40.79974 1.627
40.90263 0.957
41.00448 0.941
41.09036 1.550
41.10766 1.453
41.17374 1.201
41.39000 1.190
41.45388 1.340
41.94586 2.773
41.97484 5.133
42.46508 0.093
42.84051 0.094
43.03197 0.235
43.11535 0.235
43.30054 0.088
43.34065 0.948
43.67276 0.918
44.26119 0.097
44.30216 1.477
44.31950 0.716
44.44557 1.503
44.52707 0.131
44.56394 0.056
44.62759 0.219
44.65220 1.231
44.73316 1.223
44.74762 0.306
44.89244 1.421
44.91956 0.010
44.97614 0.110
44.98626 0.135
45.04077 0.003
45.07157 0.546
45.20784 0.087
45.21509 0.011
45.28851 1.250
45.31234 0.410
45.31458 0.339
45.32605 0.281
45.33872 0.397
45.35429 0.210
45.41196 0.050
45.53353 0.007
45.64573 0.109
45.90046 0.330
45.91446 1.181
46.19050 0.457
46.20832 0.711
46.32543 0.082
46.37598 0.054
46.41444 0.562
46.46899 0.017
46.50870 0.021
46.56445 0.002
46.75976 0.699
46.93122 0.418
46.96441 0.048
47.00727 0.247
47.13267 0.434
47.35288 0.541
47.42067 0.079
47.53827 0.241
47.57913 0.395
48.72709 0.079
48.89831 0.095
49.28222 0.183
49.37255 0.067
49.37745 0.095
49.49805 0.068
49.50459 0.028
49.53644 0.224
49.57059 0.181
49.67118 0.938
49.72634 0.084
49.76329 1.900
49.85699 0.072
49.96468 1.153
50.11645 0.025
50.11870 0.906
50.23707 0.007
50.28785 2.174
50.38566 0.083
50.54003 0.002
50.55258 0.098
50.63297 2.093
50.70208 0.132
50.70575 0.007
50.71193 0.267
50.74948 0.035
50.77065 0.024
50.90312 1.047
50.96150 0.075
51.07042 0.133
51.15590 0.370
51.20195 0.853
51.20542 0.292
51.21481 0.102
51.35222 0.282
51.40165 0.039
51.51775 0.003
51.58400 0.067
51.63241 0.040
51.76157 0.830
52.15778 0.564
52.34115 0.094
52.39146 0.341
52.46306 0.072
52.48567 0.233
52.53406 0.236
52.57327 0.068
52.62569 0.021
52.68616 0.116
52.72181 0.113
52.79875 0.159
52.81626 0.158
52.82991 0.521
52.83257 0.122
52.85688 0.252
52.89404 0.069
53.11071 0.203
53.12889 0.061
53.52925 0.141
53.71515 0.069
53.79550 0.152
53.92114 0.192
53.94348 0.019
54.30722 0.233
54.62250 0.219
54.64800 0.028
54.80687 0.037
54.97417 0.180
55.06273 4.499
55.21323 0.036
55.29885 0.028
55.53860 0.029
55.72369 1.529
55.81647 0.027
55.86192 1.518
56.29833 0.153
56.51157 0.043
56.54642 0.014
56.67450 0.027
56.67628 0.091
56.78705 0.837
56.86171 0.245
56.89104 0.157
56.91259 0.027
56.94834 0.099
57.04652 0.283
57.08750 0.608
57.08951 0.116
57.29524 0.285
57.32774 0.110
57.39453 0.038
57.46305 0.106
57.53957 0.613
57.54144 0.218
57.54231 0.217
57.60555 0.096
57.66548 0.074
57.67208 0.101
57.72303 0.002
57.75741 0.077
57.81162 0.180
57.96204 0.739
57.96996 0.087
58.08138 0.178
58.15651 0.018
58.17975 0.260
58.21830 0.023
58.30028 0.027
58.44581 0.026
58.50913 0.026
58.53651 0.062
58.57375 0.088
58.64073 0.220
58.69630 0.112
58.75957 0.041
58.77268 0.114
58.80733 0.057
58.81585 0.241
58.82618 0.022
58.93725 0.041
59.00679 0.130
59.08176 0.056
59.17290 0.114
59.27877 0.002
59.53843 0.051
59.53916 0.036
59.60711 0.047
59.61960 0.208
59.69414 0.079
59.75508 0.041
59.84703 0.120
