7.69539 100.000
8.16195 71.899
8.30525 40.130
13.53752 3.107
13.79806 1.186
14.58557 0.826
15.42577 1.204
16.36568 7.544
16.65453 2.129
20.51984 1.029
20.81059 0.468
21.06375 1.138
21.51590 1.544
22.21462 0.619
22.37689 0.104
23.22756 0.040
24.65494 0.306
24.71239 13.643
24.83078 2.559
25.09402 0.060
25.19972 0.207
25.90365 2.633
26.32013 2.186
26.45102 0.158
26.90629 27.524
26.96654 0.062
27.21459 4.324
27.26874 2.024
27.29289 7.241
27.80143 2.390
28.00912 0.002
28.22085 0.026
28.23896 0.332
28.31349 0.390
29.08649 0.402
29.39585 0.055
29.41439 0.675
29.56224 0.128
29.58000 0.567
29.71353 0.149
29.79720 0.052
30.00822 0.318
30.28620 0.518
30.31439 0.013
30.36525 0.365
30.56442 3.381
30.61015 0.166
31.11707 0.641
31.14031 0.178
31.26021 10.227
31.59373 0.762
31.78038 1.506
32.25583 0.016
33.07765 0.310
33.18829 0.059
33.23195 1.700
33.67449 0.480
33.92427 0.359
34.16803 0.245
34.24419 0.007
34.25492 0.079
34.38132 0.001
34.64298 0.262
34.68913 0.041
34.69966 0.116
34.82248 0.370
34.83396 0.286
34.87741 0.051
35.03219 0.023
35.43203 0.674
35.66234 0.622
35.78835 0.020
35.89754 0.245
36.10298 0.235
36.58796 0.057
37.09540 0.051
37.13429 2.849
37.16659 0.149
37.30393 0.003
37.40759 0.459
37.81849 0.647
37.82651 0.481
37.87143 0.671
38.21099 0.687
38.64764 0.029
39.13790 1.297
39.20864 0.026
39.33010 0.015
39.42000 0.089
39.42458 0.047
39.57320 0.034
39.67967 0.117
39.83224 0.374
39.88547 0.111
40.07117 0.001
40.18250 1.154
40.29161 0.603
40.50677 0.005
40.65008 0.464
40.81284 0.003
41.01459 0.009
41.06956 0.394
41.36302 0.018
41.41383 0.002
41.66734 0.057
41.68880 0.382
42.02088 0.432
42.24464 1.549
42.35028 0.543
42.45445 0.487
42.51888 0.008
42.75862 0.066
42.88471 0.123
42.96584 0.002
43.61691 0.196
43.77491 2.324
43.82314 0.137
43.84111 0.349
43.93009 0.004
44.14818 0.116
44.44015 0.014
44.59134 0.469
44.76886 0.155
44.87119 0.036
45.32403 0.567
45.37917 0.337
45.44380 0.269
45.51342 0.327
45.55185 0.248
45.66931 0.511
45.77666 0.016
45.92756 0.009
46.01080 0.305
46.09692 0.029
46.43178 0.514
46.53675 0.145
46.82814 0.157
46.85047 0.531
46.90436 0.054
46.98292 0.579
47.00088 0.181
47.11737 0.074
47.18626 0.099
47.29472 0.039
47.31880 0.412
47.37942 0.026
47.96137 0.309
48.05253 0.022
48.06713 0.054
48.32870 0.090
48.62644 0.676
49.13871 0.092
49.22404 0.030
49.28022 0.372
49.52273 0.015
49.62005 0.187
49.92543 0.024
50.01660 0.003
50.13764 0.101
50.26352 0.339
50.33975 0.057
50.45953 0.022
50.55434 0.016
50.56149 0.034
50.61875 0.005
50.67851 0.004
50.71380 0.121
50.72507 0.047
50.93453 0.077
51.36968 0.046
51.37171 0.013
51.50234 0.203
51.50456 0.025
51.56940 1.283
51.68501 0.084
51.72189 0.536
51.73376 0.011
51.98526 0.007
52.09700 0.005
52.12803 0.106
52.13766 0.008
52.25821 0.066
52.28764 0.173
52.31458 0.177
52.37719 0.742
52.40661 0.034
52.46144 0.002
52.47480 0.148
52.48429 0.071
52.52722 0.144
52.54428 0.010
52.62695 0.004
52.66002 0.724
52.82751 0.006
52.82932 0.051
52.87555 0.013
53.00757 0.022
53.02559 0.007
53.09188 0.068
53.22321 0.014
53.26465 0.008
53.49279 0.033
53.73210 0.002
53.93436 0.181
53.94576 0.248
54.07924 0.148
54.17344 0.012
54.17420 0.110
54.29178 0.405
54.33763 0.042
54.36240 0.055
54.37988 0.087
54.42617 0.231
54.43214 0.072
54.46065 0.001
54.46569 0.014
54.58415 0.088
54.65723 0.104
54.68906 0.041
54.72045 0.017
54.78881 0.082
54.93867 0.001
54.95171 0.033
55.39127 0.021
55.45931 1.867
55.52285 0.094
55.59174 0.004
55.59399 0.494
55.73077 0.047
55.79905 0.010
56.03375 0.022
56.13340 0.011
56.13763 0.593
56.25198 0.131
56.25696 0.489
56.27587 0.002
56.31018 0.004
56.36036 0.004
56.51712 0.018
56.70966 0.002
57.13516 0.049
57.22728 0.075
57.25886 0.002
57.28451 0.005
57.31640 0.088
57.43354 0.006
57.55554 0.002
57.58853 0.005
57.63173 0.014
57.64140 0.007
57.72401 0.006
57.77586 0.016
57.81391 0.012
57.89373 0.037
58.01573 0.018
58.12528 0.146
58.22173 0.009
58.23739 0.034
58.36005 0.253
58.36369 0.264
58.37153 0.021
58.39205 0.002
58.40391 0.058
58.44272 0.008
58.46246 0.520
58.48588 0.005
58.56958 0.092
58.58236 0.003
58.65405 0.002
58.85536 0.002
58.91059 0.058
59.27372 0.003
59.33939 0.050
59.35469 0.353
59.70050 0.041
59.74992 0.072
59.74995 0.045
59.75719 0.012
59.78384 0.668
59.83522 0.071
59.87873 0.015
59.89822 0.077
