8.30634 59.649
12.07983 15.306
14.66686 3.222
14.68837 32.584
15.06989 43.149
15.09772 33.409
15.18115 33.865
15.19838 41.145
16.65672 0.648
19.13385 2.930
19.20002 0.451
19.23050 0.463
19.27159 2.904
20.61110 0.782
20.64204 1.058
22.80490 1.829
22.83059 0.563
23.02856 0.541
23.03314 1.870
24.29657 6.894
25.09736 0.080
25.45528 2.610
25.53538 0.156
25.53938 0.119
25.58772 2.759
25.70584 0.001
25.70706 0.584
25.73095 0.076
25.77589 2.111
25.92581 2.077
25.93811 0.602
26.63862 100.000
27.92174 3.064
27.92428 9.547
27.95663 4.939
27.97445 10.066
29.22900 0.630
29.45486 1.022
29.58115 0.425
29.62527 0.022
30.40861 0.505
30.46579 4.895
30.63725 5.571
30.67269 0.668
30.76900 0.963
30.86626 1.658
30.97060 1.632
30.98801 0.963
31.53707 0.636
31.62687 0.592
32.84865 0.069
32.91718 0.507
32.94198 0.481
32.97531 0.058
33.51258 0.813
33.53556 0.963
33.67904 3.454
33.77290 0.825
33.77458 0.886
33.77575 0.641
33.87981 0.138
33.99381 0.152
34.05838 0.606
35.18442 0.211
35.24112 0.023
35.60935 0.089
35.67468 0.267
35.87637 0.096
35.88114 0.241
35.88411 0.006
35.92128 0.335
36.17560 1.538
36.54894 1.490
36.80178 0.165
36.86453 0.387
36.98196 0.375
37.15335 0.093
37.20571 0.517
37.21030 0.223
37.32093 2.415
37.38990 2.304
37.41056 0.482
37.53621 0.197
37.55691 0.111
37.78034 0.004
37.80702 0.547
38.82891 0.721
38.96729 1.228
39.03106 1.127
39.11704 0.690
39.53225 0.042
39.63182 0.060
39.79504 0.044
39.80232 0.055
40.01718 0.351
40.12410 0.117
40.39384 0.107
40.43276 0.293
40.62059 0.140
40.67078 0.314
40.85992 1.612
40.92092 0.957
40.95944 0.981
40.98294 1.512
41.07071 1.468
41.09962 1.173
41.19896 1.247
41.22366 1.330
41.92969 2.746
41.99488 5.027
42.46029 0.093
42.84040 0.092
42.92416 0.204
42.96833 0.267
43.03991 0.088
43.37869 0.925
43.51547 0.913
44.28791 1.459
44.32691 0.730
44.46315 0.092
44.54317 1.458
44.61035 0.112
44.67089 1.202
44.67667 0.056
44.70756 0.196
44.71369 1.223
44.73661 1.506
44.82468 0.145
44.87835 0.085
44.88319 0.313
45.00894 0.010
45.03059 0.002
45.03551 0.226
45.05466 0.051
45.09987 0.529
45.10230 0.114
45.13699 0.285
45.14620 0.012
45.26562 0.454
45.28900 0.378
45.39060 0.105
45.45951 1.273
45.48113 0.303
45.73882 1.185
45.74392 0.332
45.77623 0.005
46.23774 0.002
46.24140 0.667
46.33152 0.449
46.36563 0.011
46.37278 0.034
46.42155 0.050
46.47795 0.751
46.58165 0.087
46.63651 0.567
46.69164 0.046
46.74748 0.448
47.05938 0.536
47.06917 0.072
47.10149 0.404
47.16458 0.242
47.38928 0.385
47.40418 0.247
48.98949 0.078
49.09506 0.101
49.34251 0.185
49.39871 0.067
49.44742 0.069
49.46411 0.178
49.47106 0.085
49.48487 0.026
49.48992 0.074
49.54106 0.090
49.55651 0.222
49.68366 0.959
49.78095 1.868
49.89426 0.905
49.98278 0.084
50.16566 1.105
50.28195 0.026
50.34468 2.053
50.38208 0.006
50.50982 2.128
50.54948 0.002
50.57135 0.026
50.57518 1.077
50.57770 0.095
50.59502 0.006
50.69559 0.269
50.75604 0.132
50.78004 0.038
50.90769 0.135
51.02274 0.090
51.14168 0.301
51.19360 0.278
51.28782 0.052
51.32905 0.840
51.39218 0.346
51.42346 0.111
51.47518 0.042
51.51180 0.002
51.57359 0.825
51.58430 0.043
51.93000 0.089
51.94375 0.352
52.28862 0.560
52.46275 0.219
52.47145 0.264
52.55539 0.072
52.57658 0.509
52.69333 0.111
52.71639 0.111
52.74116 0.066
52.83364 0.126
52.83630 0.074
52.88387 0.023
52.88832 0.251
52.97579 0.181
52.98621 0.143
53.09459 0.200
53.13547 0.058
53.31297 0.145
53.33978 0.066
53.42801 0.143
53.46843 0.019
54.10222 0.183
54.28971 0.245
54.44419 0.213
54.56069 0.196
54.80661 0.026
54.87172 4.483
54.93854 0.036
55.09346 0.030
55.12467 0.034
55.57485 1.478
55.63184 1.608
55.81281 0.031
55.96045 0.023
56.27568 0.138
56.35397 0.031
56.41896 0.027
56.50456 0.044
56.54140 0.192
56.58293 0.016
56.87560 0.089
56.94649 0.253
56.96404 0.085
57.02662 0.535
57.06008 0.111
57.08081 0.280
57.08276 0.786
57.15026 0.120
57.20434 0.290
57.23416 0.684
57.23443 0.204
57.27936 0.099
57.28359 0.120
57.37274 0.038
57.60856 0.759
57.70003 0.002
57.70565 0.193
57.76912 0.106
57.77735 0.079
57.81685 0.168
57.82266 0.209
57.92621 0.070
58.11419 0.098
58.27924 0.023
58.31658 0.226
58.31860 0.112
58.33257 0.026
58.34686 0.020
58.36816 0.250
58.38983 0.025
58.39401 0.084
58.40153 0.026
58.42767 0.062
58.64582 0.021
58.65329 0.246
58.65658 0.057
58.81988 0.042
58.83952 0.119
58.89398 0.059
58.90595 0.040
59.00426 0.103
59.05916 0.132
59.18145 0.002
59.42619 0.121
59.72759 0.048
59.79057 0.044
59.81467 0.186
59.85055 0.033
59.95530 0.071
