4.56179 97.979
4.56348 94.140
4.56974 100.000
7.90279 7.112
7.91365 8.564
7.91659 7.734
9.13082 10.383
9.13422 8.835
9.14677 11.247
12.08446 2.544
12.08639 2.441
12.09636 3.807
12.10150 2.553
12.10542 3.663
12.10863 3.371
13.71446 0.007
13.71958 0.005
13.73848 0.011
13.94653 0.212
13.94655 0.212
13.94709 0.535
13.94711 0.536
13.94917 0.153
15.37920 0.333
15.37923 0.333
15.38485 0.002
15.38486 0.002
15.38637 0.178
15.38639 0.178
15.84348 0.812
15.86536 1.758
15.87128 1.099
16.05067 0.289
16.05071 0.290
16.05263 0.701
16.05265 0.702
16.05985 0.212
16.49559 0.069
16.49938 0.072
16.50787 0.184
16.51498 0.062
16.52568 0.133
16.52900 0.172
17.91218 0.428
17.91222 0.428
17.91349 0.593
17.91353 0.593
17.92029 0.060
17.92031 0.060
17.92379 0.405
17.92382 0.405
17.92646 0.004
17.92648 0.004
17.92865 0.241
17.92867 0.241
18.32027 0.022
18.32713 0.009
18.35247 0.027
19.06351 0.002
19.06355 0.002
19.97303 0.016
19.97500 0.060
19.99636 0.263
20.00463 0.026
20.00561 0.062
20.01192 0.152
20.65845 0.486
20.65849 0.485
20.67540 0.009
20.67543 0.009
20.67998 0.329
20.68000 0.329
21.01166 0.032
21.01730 0.003
21.02417 0.014
21.03318 0.014
21.05062 0.077
21.05400 0.015
21.16720 0.034
21.16725 0.034
21.17019 0.072
21.17023 0.073
21.17687 0.012
21.17690 0.012
21.18246 0.036
21.18250 0.036
21.19089 0.002
21.19091 0.002
21.19351 0.049
22.63082 0.007
22.63087 0.007
22.63643 0.014
22.63647 0.014
22.65716 0.005
22.95615 0.128
22.96479 0.023
22.99670 0.202
23.86164 0.006
23.89488 0.059
23.90386 0.018
24.00041 0.029
24.00046 0.029
24.00206 0.134
24.00211 0.133
24.02001 0.010
24.02004 0.010
24.02696 0.021
24.02699 0.021
24.03309 0.076
24.03311 0.076
24.33020 0.010
24.34863 0.002
24.35517 0.006
24.87924 0.027
24.87929 0.027
24.88404 0.010
24.88409 0.010
24.88990 0.003
24.88994 0.003
24.89759 0.037
24.89762 0.037
24.91247 0.002
24.91248 0.002
24.91535 0.010
25.59933 0.005
25.61201 0.008
25.64714 0.015
25.65056 0.007
26.52295 10.355
26.55666 0.080
26.55671 0.080
26.56420 0.147
26.56424 0.147
26.59206 0.061
26.92655 1.397
26.92657 1.397
26.92685 1.344
26.92687 1.343
26.92796 2.862
27.35032 0.037
27.35037 0.037
27.37960 0.001
27.37963 0.001
27.38752 0.029
27.38754 0.029
27.63045 0.087
27.67956 0.178
27.71666 0.293
27.71669 0.294
27.71988 0.354
27.71990 0.355
27.72075 0.320
27.72077 0.320
27.74588 0.008
27.74594 0.008
27.76382 0.001
27.76386 0.001
27.77308 0.001
27.77311 0.001
27.78592 0.004
27.78593 0.004
28.04416 0.018
28.06304 0.004
28.10518 0.560
28.10522 0.559
28.10633 0.477
28.10636 0.476
28.11057 1.216
28.79812 0.017
28.82571 0.009
28.83242 0.008
28.89263 0.006
28.89268 0.006
28.89932 0.007
28.89937 0.007
28.90397 0.002
28.90402 0.002
28.91373 0.009
28.91377 0.009
28.93848 0.003
29.23830 0.232
29.23835 0.231
29.23912 0.213
29.23917 0.213
29.24340 0.332
29.24344 0.333
29.24561 0.234
29.24564 0.233
29.24730 0.335
29.24732 0.334
29.24868 0.295
29.24870 0.295
29.97482 0.001
29.97487 0.001
29.97725 0.001
29.98625 0.004
