4.98494 100.000
5.05047 98.225
5.65903 92.444
8.29282 7.962
9.40065 4.957
9.50536 4.848
9.97934 11.458
10.11079 11.409
11.33191 11.722
12.73362 3.102
12.81140 3.194
13.96355 2.111
14.15234 1.998
14.72077 1.839
14.83314 1.849
14.99283 0.107
15.19097 0.142
16.62947 0.487
17.03283 0.441
17.50284 0.513
17.65468 0.612
18.77964 0.299
18.86532 0.256
19.04493 0.311
19.07692 0.225
20.03538 0.260
20.27606 0.382
20.30139 0.225
20.39154 0.405
20.98392 0.063
21.06381 0.090
22.41686 0.003
22.77658 0.104
23.39029 0.032
23.45801 1.061
23.64303 0.035
23.67067 0.424
23.69169 0.018
23.72129 0.013
23.82914 0.600
24.06098 0.004
24.16296 0.632
24.16565 0.034
24.34624 0.406
24.38872 0.034
24.54928 0.136
24.64691 1.453
24.67500 0.167
24.75456 0.696
24.95770 0.123
25.05591 0.043
25.08471 0.343
25.11746 0.048
25.17346 0.111
25.23164 0.158
25.45298 0.052
25.62796 0.069
25.78654 0.034
25.86126 1.135
25.95288 2.634
25.95415 0.003
26.15041 3.578
26.23029 2.051
26.35381 0.263
26.44248 0.015
26.65113 0.032
26.67173 0.005
26.76269 0.005
26.77447 0.056
26.78190 0.140
27.03984 11.784
27.17624 0.047
27.27158 0.369
27.42670 0.001
27.51816 0.033
27.84195 0.037
28.13383 0.045
28.14001 0.054
28.38704 0.073
28.46208 0.017
28.52362 0.459
28.52651 0.075
28.57898 0.037
28.60329 0.088
28.78515 0.011
28.81551 0.248
28.92971 0.639
29.01863 0.505
29.02633 0.058
29.14447 0.017
29.16780 0.004
29.17093 0.050
29.17914 0.005
29.39539 0.031
29.41978 0.025
29.50136 0.013
29.55314 0.044
29.69175 0.069
29.85123 0.003
29.92239 0.031
