8.55179 86.735
9.92740 57.784
10.34705 58.917
12.14915 93.782
13.40964 33.069
14.20864 27.517
14.41355 25.167
15.32428 20.214
15.40336 18.087
16.21666 18.373
17.15167 4.545
17.47862 12.848
17.58429 8.525
17.72604 6.673
18.44136 1.305
19.19149 5.673
19.29261 7.600
19.93030 13.147
20.29410 100.000
20.41195 4.370
20.77968 13.837
21.28481 1.804
21.63730 0.853
21.71253 4.171
21.76856 82.855
22.94252 0.010
23.70139 4.010
24.12092 0.465
24.43762 4.244
24.45524 3.839
24.58683 0.586
24.60664 5.578
24.75910 0.701
25.39498 0.017
25.85025 0.361
25.97059 1.754
26.00125 0.059
26.16897 0.881
26.30862 0.417
26.35735 0.092
26.43904 46.065
26.46391 0.092
27.00745 1.500
27.03646 1.459
27.19001 18.423
27.36887 0.007
27.83281 0.011
27.91882 0.254
27.92158 11.618
28.03255 0.003
28.38843 0.227
28.59614 0.277
28.64181 0.616
28.92832 0.139
29.06169 1.210
29.17129 5.006
29.37574 0.094
