8.27607 30.580
8.42874 24.614
8.43108 26.358
10.09449 100.000
10.19056 91.147
10.19921 89.659
13.06182 25.395
13.07233 26.760
13.41660 28.962
14.44744 0.852
14.45156 0.620
14.71579 1.623
15.54431 7.497
15.56144 7.056
15.58607 6.437
15.58922 6.844
15.77696 6.051
15.79074 6.769
16.59570 1.619
16.90352 1.547
16.90823 1.431
18.50595 21.310
18.51452 21.580
18.69117 22.582
19.45463 1.557
19.46890 1.661
19.53889 1.424
19.54648 1.213
20.01263 1.474
20.01911 1.420
20.26840 10.100
20.46284 8.573
20.48035 8.127
21.39022 0.741
21.41077 0.811
21.45158 0.590
21.91975 2.801
21.93248 2.504
21.95003 2.805
21.97186 2.956
22.06979 0.006
22.07435 0.002
22.24619 0.032
22.25343 0.016
22.38075 2.580
22.38970 2.427
22.54175 0.021
22.54443 0.009
22.81019 0.163
22.82993 0.177
23.02684 0.146
23.02941 0.183
23.24468 0.152
23.26153 0.145
25.00065 0.777
25.00458 0.119
25.00546 0.804
25.08084 0.835
25.10973 0.783
25.32373 0.607
25.34761 0.703
25.47269 0.144
25.47986 0.101
25.74008 0.194
25.74982 0.187
26.29732 0.453
26.31878 0.415
26.45393 0.198
27.01896 0.183
27.01965 53.459
27.02167 0.311
27.03465 0.246
27.24107 0.280
27.24546 0.270
27.63732 0.103
27.66662 0.094
27.68559 0.086
27.69873 0.091
27.75788 0.285
27.76888 0.209
28.18869 1.185
28.19696 1.116
28.29594 1.294
28.29893 0.100
28.31387 1.291
28.31475 0.082
28.46832 0.004
28.50555 1.077
28.51518 1.141
28.71540 0.004
28.76193 0.017
28.76226 0.006
29.13115 0.086
29.13961 0.097
29.68154 0.067
