4.75312 100.000
4.77714 99.220
5.30529 95.627
7.92136 9.380
8.87466 7.851
8.91340 7.132
9.51443 10.426
9.56262 11.150
10.62199 10.803
12.17388 4.540
12.20225 3.993
13.22925 2.746
13.29885 2.682
13.84953 3.538
13.89116 3.317
14.29228 0.005
14.36487 0.011
15.88090 2.420
15.96174 0.026
16.72677 0.118
16.78217 0.112
17.80312 0.907
17.82083 0.127
17.88130 0.955
17.91841 0.123
19.04553 0.354
19.08830 0.286
19.09526 0.101
19.19265 0.032
20.05238 0.060
20.08147 0.389
21.33664 0.087
21.41095 0.087
21.49282 0.001
22.11658 0.147
22.22765 0.060
22.65215 0.037
22.75079 0.023
22.83324 0.072
23.91754 0.005
23.91847 0.042
23.93236 0.347
23.97410 0.482
24.05508 0.203
24.07506 0.547
24.18628 0.892
24.35278 0.133
24.39631 0.047
24.54567 0.022
24.61958 0.043
24.71895 0.018
24.72001 0.429
24.83802 0.690
25.04672 0.060
25.12998 1.471
25.17459 1.409
25.20890 0.074
25.33393 0.990
25.39684 0.639
26.18083 0.005
26.21924 0.694
26.28425 0.030
26.28920 0.029
26.34772 1.606
26.36877 0.052
26.39739 0.084
26.47296 3.336
26.52730 0.461
26.57865 1.815
26.59261 5.017
26.63906 0.006
26.75950 0.284
26.78117 0.005
26.83109 0.320
26.84218 0.070
26.96130 0.039
27.03438 0.345
27.10894 0.157
27.22357 0.009
27.30685 0.471
27.31512 0.028
27.43277 0.678
27.46697 0.008
27.47342 5.941
27.90671 0.014
27.99189 0.002
28.12523 0.011
28.32073 0.186
28.46997 0.027
28.51996 0.612
28.57657 0.352
28.66016 0.437
28.69136 0.031
28.71814 0.422
28.75136 0.535
28.81077 0.067
28.81317 0.276
28.95853 0.003
28.96192 0.201
29.02063 0.048
29.05011 0.170
29.08435 0.043
29.09208 0.006
29.14854 0.120
29.17817 0.019
29.63726 0.125
29.72796 0.065
29.74751 0.043
29.95505 0.095
