4.88461 100.000
5.02835 94.281
5.22603 87.939
8.42981 5.937
8.78395 5.959
9.02466 5.779
9.77811 12.793
10.06642 11.746
10.46297 10.449
12.84440 2.692
13.01094 2.412
13.23588 2.445
13.62448 2.377
13.66305 2.381
13.88564 2.246
14.68958 0.339
15.12408 0.278
15.72194 0.234
16.90567 0.474
17.54224 0.534
17.62004 0.354
17.86894 0.408
17.94799 0.502
18.10590 0.359
18.54300 0.475
18.71328 0.497
18.98239 0.453
19.62835 0.150
20.21158 0.158
21.01447 0.158
21.25457 0.099
21.42521 0.068
22.02113 0.051
22.41891 0.065
22.70659 0.075
22.85399 0.006
22.93434 0.055
23.98391 0.513
24.16211 0.297
24.31880 0.343
24.43810 1.633
24.60424 0.049
24.72114 0.564
24.81540 0.222
24.95002 0.145
25.14977 2.281
25.32999 1.484
25.33969 0.041
25.47596 0.057
25.60012 0.082
25.68644 0.050
25.74588 1.218
25.85382 0.039
25.96841 0.387
25.99345 10.913
26.01730 0.064
26.19351 0.074
26.35277 0.041
26.44642 0.382
26.46329 0.113
26.51463 0.229
26.56330 0.033
26.56774 0.034
26.65259 0.053
26.71368 0.034
26.78197 0.518
27.16502 1.086
27.30361 0.030
27.36916 0.967
27.44648 0.024
27.45547 0.008
27.52534 0.021
27.77416 0.511
27.86132 0.007
27.95047 0.008
27.98059 0.048
28.02906 0.002
28.06023 0.087
28.19498 0.006
28.48214 2.746
28.58779 0.005
28.62653 0.005
28.87194 0.596
28.99626 0.044
29.08682 0.007
29.12857 0.022
29.15761 0.698
29.19182 0.433
29.28996 0.008
29.49936 0.006
29.62775 0.027
29.84522 0.018
