5.00090 96.011
5.01721 94.736
5.10228 100.000
8.62690 6.724
8.77568 5.471
8.80363 5.783
10.01136 10.494
10.04407 9.975
10.21471 11.772
13.19713 2.371
13.21583 2.241
13.36046 1.914
13.40966 2.110
13.47586 2.082
13.50637 1.936
15.04110 0.122
15.09039 0.095
15.34763 0.267
17.30318 0.233
17.60336 0.209
17.65977 0.193
18.03247 0.397
18.06923 0.384
18.20137 0.300
18.26961 0.347
18.42862 0.377
18.46012 0.347
20.10018 0.226
20.16635 0.234
20.51174 0.174
21.81948 0.016
21.83863 0.020
22.14022 0.016
22.21942 0.015
22.25835 0.020
22.31841 0.011
22.99209 0.004
23.04670 0.003
23.16436 0.008
23.25106 0.005
23.50242 0.008
23.53452 0.005
25.19918 0.054
25.28265 0.053
25.71834 0.058
26.08083 0.012
26.53790 0.019
26.57349 0.065
26.61166 0.047
26.62380 0.013
26.90699 0.068
27.00749 0.070
27.01965 12.732
27.14274 0.076
27.20509 0.057
27.49587 3.154
27.49896 3.139
27.51520 3.407
28.03959 0.007
28.11219 0.005
28.21466 0.003
28.31987 0.005
28.41346 0.615
28.46073 0.527
28.46969 0.554
28.66452 0.009
28.69715 0.011
28.88108 1.298
28.89287 1.253
28.95492 1.496
