8.62763 29.438
8.77595 23.955
8.80551 25.309
10.21925 100.000
10.22935 91.951
10.33588 89.278
13.32628 22.914
13.45151 23.383
13.69649 26.243
15.04116 0.532
15.09329 0.415
15.34970 1.167
15.88668 6.592
16.06952 5.531
16.09378 6.053
16.10555 5.879
16.12491 5.289
16.29352 5.718
17.30466 1.021
17.60392 0.914
17.66356 0.844
18.52428 21.805
18.62948 21.597
18.72485 23.098
20.05251 1.291
20.20398 1.177
20.22098 1.299
20.29051 1.000
20.52094 9.288
20.54137 7.931
20.61956 1.238
20.69907 1.135
20.75707 7.410
22.00950 0.776
22.15875 2.547
22.22064 2.462
22.25934 0.786
22.27657 0.613
22.37350 2.185
22.42382 2.588
22.61298 2.335
22.72339 2.157
22.99263 0.020
23.05039 0.015
23.16437 0.035
23.25607 0.024
23.50466 0.035
23.52680 0.057
23.53861 0.022
23.76387 0.069
23.91550 0.041
23.94245 0.070
23.96451 0.054
24.17086 0.053
25.42669 0.694
25.58953 0.635
25.64615 0.679
25.67924 0.529
25.77875 0.652
25.97227 0.591
26.08309 0.051
26.53874 0.083
26.62958 0.057
26.69892 0.193
26.80979 0.192
26.83718 0.459
27.01965 55.751
27.09299 0.430
27.42089 0.207
27.59371 0.335
27.98718 0.177
28.17201 0.239
28.18053 0.043
28.29175 1.238
28.30309 1.364
28.32237 0.264
28.36842 0.252
28.39290 1.162
28.39295 0.033
28.52390 1.330
28.52858 1.144
28.53336 0.033
28.54702 0.033
28.64781 1.188
28.72935 0.275
28.86457 0.208
28.86494 0.041
29.05934 0.024
29.43040 0.027
29.65465 0.012
29.71651 0.018
29.93690 0.017
29.95652 0.041
29.95842 0.033
