8.58933 82.773
9.95840 56.314
10.07520 64.916
12.17184 88.994
13.61528 31.254
13.97651 29.660
14.65819 23.413
15.16971 20.591
15.66507 21.343
15.88922 15.316
17.22741 4.168
17.48370 7.850
17.63455 6.161
18.01602 11.841
18.15061 0.928
18.83366 8.825
19.00295 5.152
19.99302 13.109
20.22935 12.641
20.58624 100.000
20.77926 4.344
21.18349 82.834
21.22513 1.391
21.50919 3.948
21.59909 1.101
23.31426 0.011
23.94970 4.033
24.32135 3.457
24.48379 4.210
24.49197 0.745
24.82283 0.376
24.93372 1.015
25.26350 4.042
25.31650 1.380
25.68898 0.018
25.82968 0.129
25.94122 0.546
25.96551 0.318
26.05617 0.854
26.24354 1.801
26.28983 0.077
26.38838 44.507
26.60402 0.047
27.06689 15.772
27.34418 12.566
27.42768 0.888
27.65357 0.127
27.78460 0.183
27.85598 0.015
28.16654 0.570
28.35474 0.003
28.59016 0.283
28.82195 0.113
29.17547 0.108
29.51149 5.744
29.56335 1.200
