5.00090 93.382
5.01721 87.979
5.10228 100.000
8.62690 26.003
8.77568 21.160
8.80363 22.356
10.01136 10.029
10.04407 10.424
10.21471 10.618
13.19713 2.412
13.21583 1.984
13.36046 1.810
13.40966 1.813
13.47586 2.140
13.50637 2.078
14.32543 55.698
14.33118 56.149
14.36146 59.484
15.04110 0.470
15.09039 0.367
15.34763 1.030
15.97148 0.002
16.06852 0.005
16.76696 18.099
16.78669 16.789
16.89030 21.165
17.30318 0.902
17.60336 0.807
17.65977 0.744
18.03247 0.362
18.06923 0.418
18.20137 0.295
18.26961 0.389
18.42862 0.330
18.46012 0.289
18.86146 5.481
18.87467 5.435
18.97716 4.617
19.01216 5.240
19.05934 4.904
19.08113 4.503
20.10018 0.223
20.16635 0.191
20.51174 0.192
21.81948 0.017
21.83863 0.017
22.14022 0.014
22.21942 0.012
22.24290 0.001
22.25835 0.021
22.31841 0.013
22.54272 1.314
22.57241 1.198
22.67933 0.984
22.73465 1.079
22.86383 1.283
22.88946 1.203
22.99209 0.017
23.04670 0.013
23.16436 0.031
23.25106 0.021
23.50242 0.031
23.53452 0.020
24.24388 0.781
24.29930 0.856
24.58940 0.591
25.19918 0.050
25.28265 0.061
25.70064 0.057
25.71705 0.077
25.71834 0.047
25.97608 0.058
26.04426 0.060
26.07780 0.071
26.08083 0.045
26.12957 0.040
26.53790 0.073
26.57349 0.057
26.61166 0.053
26.62380 0.050
26.90699 0.069
27.00749 0.084
27.01965 49.245
27.14274 0.064
27.20509 0.044
27.49587 3.067
27.49896 2.915
27.51520 3.407
28.03959 0.007
28.11219 0.004
28.21466 0.003
28.31987 0.004
28.41346 2.379
28.46073 2.036
28.46969 2.142
28.65228 0.205
28.66452 0.010
28.69715 0.013
28.72642 0.186
28.88108 1.240
28.89287 1.310
28.95492 1.349
29.11429 0.236
29.87962 0.272
29.91390 0.180
