2.0000 99212.8300
2.0100 96799.6975
2.0200 95543.3675
2.0300 94176.8475
2.0400 92328.0675
2.0500 90754.0275
2.0600 88852.0825
2.0700 88260.3425
2.0800 88200.9400
2.0900 86871.7275
2.1000 85184.1050
2.1100 83772.2000
2.1200 82380.8550
2.1300 81019.2725
2.1400 79844.4725
2.1500 78571.5025
2.1600 77644.2350
2.1700 76463.3600
2.1800 75453.0525
2.1900 74954.5275
2.2000 74028.8525
2.2100 72323.0825
2.2200 70178.4800
2.2300 69592.8800
2.2400 69610.3625
2.2500 69675.5400
2.2600 69344.7750
2.2700 67917.3000
2.2800 66443.7750
2.2900 65164.9225
2.3000 64445.0625
2.3100 64376.7100
2.3200 64191.7125
2.3300 63028.5825
2.3400 61608.1000
2.3500 61027.1600
2.3600 60900.4575
2.3700 60101.6900
2.3800 58617.9275
2.3900 57853.0350
2.4000 57409.5225
2.4100 55901.8150
2.4200 54816.6075
2.4300 54740.1625
2.4400 54751.2600
2.4500 53500.3475
2.4600 51790.6500
2.4700 51272.6300
2.4800 51112.3075
2.4900 50533.0700
2.5000 50061.3825
2.5100 49232.5600
2.5200 48764.1050
2.5300 49311.6475
2.5400 48414.3925
2.5500 46602.3500
2.5600 46177.8475
2.5700 46291.8800
2.5800 45669.8075
2.5900 45038.4975
2.6000 44601.9725
2.6100 44360.7025
2.6200 43749.6500
2.6300 43069.4900
2.6400 42865.1925
2.6500 42344.9375
2.6600 41805.4575
2.6700 41527.0375
2.6800 40840.3000
2.6900 40223.6000
2.7000 39684.2325
2.7100 39435.0250
2.7200 39255.4500
2.7300 38633.6075
2.7400 38413.9075
2.7500 37942.9375
2.7600 37191.3625
2.7700 37101.3800
2.7800 36709.0025
2.7900 36204.7350
2.8000 35810.6775
2.8100 35646.4925
2.8200 35581.2050
2.8300 34860.1300
2.8400 34374.0400
2.8500 34295.4025
2.8600 33586.5600
2.8700 32848.4600
2.8800 32451.6050
2.8900 31955.8300
2.9000 31377.4825
2.9100 31620.8525
2.9200 31924.5475
2.9300 31675.6625
2.9400 31218.9825
2.9500 31192.8600
2.9600 31208.5200
2.9700 30983.2950
2.9800 30925.8025
2.9900 30496.3825
3.0000 29794.0400
3.0100 29180.0500
3.0200 28572.0225
3.0300 28385.1525
3.0400 28334.6650
3.0500 28187.9800
3.0600 27827.7925
3.0700 27506.8475
3.0800 27318.3400
3.0900 27197.0575
3.1000 27385.9400
3.1100 26979.9650
3.1200 26418.7750
3.1300 26483.7350
3.1400 26551.4650
3.1500 26349.4250
3.1600 25833.3875
3.1700 25342.6075
3.1800 25503.8550
3.1900 25663.5900
3.2000 25389.6225
3.2100 25077.1050
3.2200 24842.9450
3.2300 24567.0850
3.2400 24221.4675
3.2500 23989.7025
3.2600 24083.3075
3.2700 24351.3650
3.2800 24339.3600
3.2900 23726.9225
3.3000 22919.8750
3.3100 22998.3775
3.3200 23520.6550
3.3300 23139.2375
3.3400 22733.1725
3.3500 22657.2100
3.3600 22617.3150
3.3700 22419.0200
3.3800 22150.8175
3.3900 21784.9725
3.4000 21487.3600
3.4100 21311.1425
3.4200 21097.6500
3.4300 21122.0125
3.4400 21299.0450
3.4500 21176.1375
3.4600 20793.5200
3.4700 20481.3200
3.4800 20420.1075
3.4900 20489.6125
3.5000 20575.9200
3.5100 20350.3275
3.5200 19937.7800
3.5300 19850.6400
3.5400 20370.5925
3.5500 20283.2225
3.5600 19613.0650
3.5700 19507.4725
3.5800 19515.6675
3.5900 19339.9725
3.6000 19279.1125
3.6100 18952.3325
3.6200 18719.5975
3.6300 18720.4925
3.6400 18755.2475
3.6500 18705.8600
3.6600 18369.3225
3.6700 18415.2275
3.6800 18751.8075
3.6900 18644.9325
3.7000 18262.7650
3.7100 17881.8300
3.7200 17595.6950
3.7300 17555.0675
3.7400 17658.7375
3.7500 17819.5000
3.7600 17606.4450
3.7700 17351.1850
3.7800 17451.3750
3.7900 17499.0000
3.8000 17721.0800
3.8100 17880.0550
3.8200 17483.4175
3.8300 17162.7525
3.8400 16869.2725
3.8500 16554.3225
3.8600 16648.5650
3.8700 16791.2575
3.8800 16977.0475
3.8900 16983.6650
3.9000 16641.2700
3.9100 16438.4875
3.9200 16417.6150
3.9300 16603.6625
3.9400 16861.5925
3.9500 16973.6600
3.9600 16942.9100
3.9700 16664.1150
3.9800 16566.3475
3.9900 16722.5400
4.0000 16781.7750
4.0100 16924.8525
4.0200 16902.4725
4.0300 16465.6900
4.0400 16437.3875
4.0500 16489.5600
4.0600 16508.0625
4.0700 16725.9225
4.0800 16861.7725
4.0900 16912.9500
4.1000 16994.4050
4.1100 16923.5150
4.1200 16876.8075
4.1300 17082.9625
4.1400 17235.7125
4.1500 17098.9250
4.1600 17131.9050
4.1700 17308.1025
4.1800 17409.6975
4.1900 17814.9150
4.2000 17992.4600
4.2100 17839.3575
4.2200 17910.4500
4.2300 18080.2250
4.2400 18194.2650
4.2500 18241.3725
4.2600 18210.1625
4.2700 18418.3275
4.2800 18583.9150
4.2900 18692.7100
4.3000 18800.4750
4.3100 18759.6075
4.3200 18731.8650
4.3300 18726.2875
4.3400 19041.0550
4.3500 19307.0200
4.3600 19233.9300
4.3700 19093.4300
4.3800 19087.6650
4.3900 18797.8200
4.4000 18521.2025
4.4100 18265.1625
4.4200 17839.5575
4.4300 17347.9500
4.4400 17236.0450
4.4500 17382.9200
4.4600 17160.3625
4.4700 16684.3200
4.4800 16326.7450
4.4900 16270.0475
4.5000 16128.4850
4.5100 15727.4250
4.5200 15356.3325
4.5300 15225.3000
4.5400 15213.9775
4.5500 14994.6900
4.5600 14541.4150
4.5700 14199.1925
4.5800 13746.8000
4.5900 13542.6525
4.6000 13874.6150
4.6100 13985.9750
4.6200 13710.7475
4.6300 13417.9500
4.6400 13255.9675
4.6500 13182.7450
4.6600 12980.1200
4.6700 12603.8800
4.6800 12114.7975
4.6900 11839.1525
4.7000 12077.3325
4.7100 12214.1950
4.7200 12050.7325
4.7300 11943.7450
4.7400 11764.5700
4.7500 11488.6125
4.7600 11388.8550
4.7700 11315.5000
4.7800 11032.7275
4.7900 10943.3425
4.8000 11167.9975
4.8100 11165.5775
4.8200 10761.5600
4.8300 10722.6325
4.8400 10983.1775
4.8500 11035.2725
4.8600 10926.7650
4.8700 10642.9225
4.8800 10416.3250
4.8900 10332.7450
4.9000 10190.6100
4.9100 10009.9225
4.9200 9819.6150
4.9300 9854.7275
4.9400 9947.4100
4.9500 9816.0500
4.9600 9654.4875
4.9700 9645.0525
4.9800 9633.0200
4.9900 9447.8675
5.0000 9462.3325
5.0100 9484.4450
5.0200 9534.9350
5.0300 9467.0325
5.0400 9474.3975
5.0500 9563.1725
5.0600 9597.9375
5.0700 9597.1725
5.0800 9486.5300
5.0900 9547.9150
5.1000 9382.3475
5.1100 9119.4850
5.1200 9102.7250
5.1300 9018.1225
5.1400 9152.6275
5.1500 9251.5950
5.1600 9159.7650
5.1700 9132.5850
5.1800 8884.3325
5.1900 8710.1950
5.2000 8746.6825
5.2100 8731.4275
5.2200 8642.6550
5.2300 8524.9800
5.2400 8601.6250
5.2500 8578.4150
5.2600 8476.7775
5.2700 8475.1550
5.2800 8307.8500
5.2900 8227.8375
5.3000 8427.8575
5.3100 8493.6575
5.3200 8348.5000
5.3300 8213.9575
5.3400 8088.5925
5.3500 8038.8375
5.3600 8064.4950
5.3700 8115.7100
5.3800 8149.0050
5.3900 8096.9150
5.4000 8077.7675
5.4100 8263.5925
5.4200 8221.1000
5.4300 7860.9725
5.4400 7661.9975
5.4500 7853.1725
5.4600 8074.4500
5.4700 8079.6750
5.4800 7825.3250
5.4900 7777.4175
5.5000 7983.5000
5.5100 7898.6125
5.5200 7764.5800
5.5300 7730.6750
5.5400 7777.4425
5.5500 7707.6250
5.5600 7453.7875
5.5700 7390.4525
5.5800 7485.0950
5.5900 7528.8225
5.6000 7596.0225
5.6100 7513.7225
5.6200 7530.5825
5.6300 7586.7775
5.6400 7409.4575
5.6500 7257.5500
5.6600 7238.4050
5.6700 7191.8025
5.6800 7191.4725
5.6900 7359.5500
5.7000 7383.4525
5.7100 7397.0175
5.7200 7346.3325
5.7300 7243.0950
5.7400 7210.0750
5.7500 7108.2075
5.7600 7110.1625
5.7700 7089.5600
5.7800 6884.9850
5.7900 6818.9900
5.8000 6849.8725
5.8100 6980.8025
5.8200 7071.2300
5.8300 7014.7125
5.8400 6967.6550
5.8500 6980.9625
5.8600 6901.2550
5.8700 6839.9850
5.8800 6943.2875
5.8900 7024.6800
5.9000 7000.7075
5.9100 7017.1400
5.9200 7036.5725
5.9300 6974.1675
5.9400 6950.4300
5.9500 7087.5500
5.9600 6950.0050
5.9700 6656.6675
5.9800 6767.0850
5.9900 6922.0075
6.0000 6903.6625
6.0100 6877.1925
6.0200 6798.3200
6.0300 6659.2425
6.0400 6688.4025
6.0500 6689.2425
6.0600 6561.1575
6.0700 6643.7325
6.0800 6719.1600
6.0900 6642.9175
6.1000 6665.3825
6.1100 6644.5450
6.1200 6494.2600
6.1300 6486.0600
6.1400 6442.1900
6.1500 6468.6675
6.1600 6518.0400
6.1700 6516.0400
6.1800 6546.4850
6.1900 6450.0500
6.2000 6421.8750
6.2100 6474.7900
6.2200 6436.9425
6.2300 6254.6675
6.2400 6226.9650
6.2500 6481.9975
6.2600 6549.1500
6.2700 6434.8075
6.2800 6394.4850
6.2900 6358.7400
6.3000 6493.2550
6.3100 6462.3150
6.3200 6353.8750
6.3300 6251.4950
6.3400 6179.4450
6.3500 6277.2025
6.3600 6254.9450
6.3700 6176.1750
6.3800 6132.5375
6.3900 6115.0225
6.4000 6140.0200
6.4100 6236.2200
6.4200 6279.6175
6.4300 6230.6400
6.4400 6244.0700
6.4500 6279.7000
6.4600 6233.5025
6.4700 6173.9050
6.4800 6060.9675
6.4900 5910.1975
6.5000 5849.9875
6.5100 5909.0075
6.5200 6027.1975
6.5300 6062.1825
6.5400 6071.5500
6.5500 6127.1700
6.5600 5896.3600
6.5700 5863.5000
6.5800 6029.4625
6.5900 6023.3500
6.6000 6009.7800
6.6100 5887.3275
6.6200 5830.8575
6.6300 5990.9125
6.6400 5969.0850
6.6500 5816.4550
6.6600 5904.1050
6.6700 6034.7575
6.6800 5938.5475
6.6900 5852.4750
6.7000 5787.7500
6.7100 5788.6600
6.7200 5791.4025
6.7300 5739.3275
6.7400 5714.8875
6.7500 5811.7800
6.7600 5828.5725
6.7700 5824.2950
6.7800 5850.6400
6.7900 5922.4350
6.8000 5987.9525
6.8100 5866.1200
6.8200 5652.1350
6.8300 5636.6275
6.8400 5635.5950
6.8500 5626.1225
6.8600 5711.1800
6.8700 5663.6225
6.8800 5543.3675
6.8900 5508.6000
6.9000 5508.7625
6.9100 5424.1125
6.9200 5484.3100
6.9300 5512.2525
6.9400 5443.1875
6.9500 5514.4825
6.9600 5477.4125
6.9700 5408.1350
6.9800 5541.7475
6.9900 5601.6825
7.0000 5475.7450
7.0100 5532.2125
7.0200 5660.7725
7.0300 5677.5800
7.0400 5644.4175
7.0500 5564.0625
7.0600 5405.1400
7.0700 5291.5300
7.0800 5402.3200
7.0900 5417.5900
7.1000 5311.7875
7.1100 5436.5625
7.1200 5514.2575
7.1300 5523.6425
7.1400 5490.0025
7.1500 5353.6875
7.1600 5437.2850
7.1700 5472.5625
7.1800 5438.6400
7.1900 5407.4775
7.2000 5464.3025
7.2100 5480.0050
7.2200 5276.5700
7.2300 5232.0825
7.2400 5314.9825
7.2500 5326.6950
7.2600 5308.0425
7.2700 5295.3375
7.2800 5282.9925
7.2900 5199.8700
7.3000 5197.7800
7.3100 5221.8150
7.3200 5146.1800
7.3300 5122.3675
7.3400 5141.1850
7.3500 5202.8725
7.3600 5242.5750
7.3700 5195.0950
7.3800 5127.0950
7.3900 5077.3050
7.4000 5031.8100
7.4100 4985.7000
7.4200 4986.6775
7.4300 5028.7400
7.4400 5048.9675
7.4500 5196.9750
7.4600 5291.9050
7.4700 5161.6325
7.4800 5060.5950
7.4900 5059.9075
7.5000 5177.7450
7.5100 5151.9400
7.5200 5032.9675
7.5300 4972.9200
7.5400 4986.2250
7.5500 5054.2325
7.5600 5024.3675
7.5700 4938.4750
7.5800 4893.4950
7.5900 5029.0275
7.6000 5018.1650
7.6100 4814.0650
7.6200 4836.1525
7.6300 4901.5550
7.6400 4820.0075
7.6500 4832.7650
7.6600 4874.6275
7.6700 4839.1450
7.6800 4829.4775
7.6900 4968.7175
7.7000 5052.6525
7.7100 4972.7650
7.7200 4885.2650
7.7300 4823.2775
7.7400 4768.7875
7.7500 4738.4750
7.7600 4791.6475
7.7700 4806.1650
7.7800 4739.6200
7.7900 4684.8100
7.8000 4662.4175
7.8100 4738.7900
7.8200 4697.9600
7.8300 4645.8675
7.8400 4637.7350
7.8500 4551.4850
7.8600 4568.6225
7.8700 4632.0975
7.8800 4647.4500
7.8900 4766.6100
7.9000 4810.4775
7.9100 4716.0125
7.9200 4668.3850
7.9300 4628.7550
7.9400 4608.7925
7.9500 4590.3875
7.9600 4601.0050
7.9700 4585.3875
7.9800 4520.3300
7.9900 4491.1575
8.0000 4496.4300
8.0100 4573.1325
8.0200 4602.6650
8.0300 4537.8100
8.0400 4565.2625
8.0500 4627.1275
8.0600 4625.7475
8.0700 4570.8475
8.0800 4452.9850
8.0900 4502.6850
8.1000 4593.4950
8.1100 4559.3875
8.1200 4455.9025
8.1300 4352.2375
8.1400 4339.4925
8.1500 4368.2475
8.1600 4422.3150
8.1700 4482.2100
8.1800 4505.6475
8.1900 4447.8650
8.2000 4502.3325
8.2100 4599.5050
8.2200 4573.9800
8.2300 4423.5125
8.2400 4352.3400
8.2500 4419.0850
8.2600 4421.9775
8.2700 4363.6325
8.2800 4332.4050
8.2900 4270.4425
8.3000 4326.2275
8.3100 4323.2700
8.3200 4258.6700
8.3300 4252.9400
8.3400 4246.1650
8.3500 4275.5225
8.3600 4375.3350
8.3700 4349.9475
8.3800 4271.9425
8.3900 4236.0100
8.4000 4188.2125
8.4100 4254.7375
8.4200 4353.5250
8.4300 4303.7875
8.4400 4319.0675
8.4500 4308.1050
8.4600 4260.4800
8.4700 4277.8175
8.4800 4248.8050
8.4900 4241.4950
8.5000 4194.3600
8.5100 4071.8025
8.5200 4097.9600
8.5300 4222.1225
8.5400 4162.8225
8.5500 4050.4875
8.5600 4025.2900
8.5700 4030.6275
8.5800 4043.8150
8.5900 4106.1575
8.6000 4166.9950
8.6100 4100.1450
8.6200 4115.1225
8.6300 4143.5725
8.6400 4115.0300
8.6500 4195.8475
8.6600 4251.9425
8.6700 4138.0825
8.6800 4039.5850
8.6900 4010.4975
8.7000 4010.6300
8.7100 4020.2100
8.7200 4077.5700
8.7300 4086.9750
8.7400 3987.0100
8.7500 4031.9000
8.7600 4185.5200
8.7700 4152.8050
8.7800 4024.0950
8.7900 4003.2200
8.8000 4059.0800
8.8100 4047.9750
8.8200 4013.5800
8.8300 4005.0425
8.8400 3970.3350
8.8500 3933.3425
8.8600 3989.8500
8.8700 4095.6075
8.8800 4091.4625
8.8900 4004.0975
8.9000 4045.8350
8.9100 4053.4925
8.9200 4057.7425
8.9300 4041.9625
8.9400 4056.0225
8.9500 4186.9075
8.9600 4105.3075
8.9700 3936.4625
8.9800 3930.8075
8.9900 3980.2650
9.0000 4013.2725
9.0100 3969.6500
9.0200 3877.5475
9.0300 3844.8300
9.0400 3920.6575
9.0500 3987.8425
9.0600 4043.0100
9.0700 3971.1800
9.0800 3862.2925
9.0900 3879.2900
9.1000 3835.6400
9.1100 3844.5950
9.1200 3944.2775
9.1300 3872.1725
9.1400 3832.9900
9.1500 3825.9275
9.1600 3740.0600
9.1700 3754.8975
9.1800 3802.9625
9.1900 3834.9575
9.2000 3817.1025
9.2100 3810.3400
9.2200 3860.1975
9.2300 3860.7850
9.2400 3818.8175
9.2500 3780.7750
9.2600 3786.1750
9.2700 3739.5900
9.2800 3669.7125
9.2900 3669.0375
9.3000 3697.0175
9.3100 3696.5425
9.3200 3610.6025
9.3300 3672.9175
9.3400 3737.5225
9.3500 3627.5675
9.3600 3680.3450
9.3700 3791.6300
9.3800 3730.3175
9.3900 3652.2125
9.4000 3642.8075
9.4100 3585.9275
9.4200 3508.8350
9.4300 3514.7600
9.4400 3544.5000
9.4500 3590.7675
9.4600 3638.8250
9.4700 3669.9675
9.4800 3633.3625
9.4900 3572.1375
9.5000 3549.7900
9.5100 3565.2850
9.5200 3629.1075
9.5300 3594.2975
9.5400 3533.0325
9.5500 3595.5125
9.5600 3645.0075
9.5700 3620.1950
9.5800 3502.0525
9.5900 3424.0350
9.6000 3469.3650
9.6100 3499.8650
9.6200 3446.2800
9.6300 3420.9775
9.6400 3491.9200
9.6500 3552.9250
9.6600 3524.6575
9.6700 3532.0950
9.6800 3639.7525
9.6900 3592.4650
9.7000 3497.6225
9.7100 3452.9350
9.7200 3535.2500
9.7300 3599.8200
9.7400 3512.0950
9.7500 3491.2000
9.7600 3581.3650
9.7700 3569.3200
9.7800 3454.4700
9.7900 3493.5575
9.8000 3583.4400
9.8100 3581.6825
9.8200 3599.0300
9.8300 3588.8625
9.8400 3469.3275
9.8500 3400.8325
9.8600 3423.0850
9.8700 3465.4500
9.8800 3482.3475
9.8900 3411.1650
9.9000 3393.7700
9.9100 3460.2250
9.9200 3497.9425
9.9300 3474.2325
9.9400 3471.7350
9.9500 3521.6025
9.9600 3496.9600
9.9700 3484.9525
9.9800 3451.1350
9.9900 3393.4575
10.0000 3402.1825
10.0100 3404.8700
10.0200 3417.3450
10.0300 3454.1425
10.0400 3485.4675
10.0500 3460.2700
10.0600 3319.2375
10.0700 3311.8100
10.0800 3374.1525
10.0900 3360.2600
10.1000 3354.5500
10.1100 3341.6025
10.1200 3383.2500
10.1300 3310.9125
10.1400 3334.6200
10.1500 3420.4900
10.1600 3336.4250
10.1700 3328.1325
10.1800 3344.2125
10.1900 3407.9475
10.2000 3528.1000
10.2100 3542.5050
10.2200 3394.0425
10.2300 3268.0425
10.2400 3330.7050
10.2500 3401.8400
10.2600 3417.0075
10.2700 3383.5875
10.2800 3301.9900
10.2900 3222.0000
10.3000 3226.3775
10.3100 3276.9950
10.3200 3279.7825
10.3300 3285.3750
10.3400 3363.7425
10.3500 3473.0900
10.3600 3411.8125
10.3700 3242.8775
10.3800 3205.8725
10.3900 3279.7075
10.4000 3295.8600
10.4100 3247.6850
10.4200 3300.4575
10.4300 3347.6975
10.4400 3371.2600
10.4500 3356.7500
10.4600 3320.4750
10.4700 3348.6625
10.4800 3351.4350
10.4900 3386.1525
10.5000 3371.8750
10.5100 3340.5425
10.5200 3322.3525
10.5300 3329.4375
10.5400 3347.7650
10.5500 3263.4025
10.5600 3203.3325
10.5700 3223.8400
10.5800 3180.1225
10.5900 3157.5725
10.6000 3229.1875
10.6100 3295.7650
10.6200 3311.3100
10.6300 3293.2550
10.6400 3337.7525
10.6500 3366.2850
10.6600 3290.3450
10.6700 3292.9700
10.6800 3300.6000
10.6900 3272.0650
10.7000 3233.8200
10.7100 3190.2125
10.7200 3320.8025
10.7300 3414.5550
10.7400 3427.3425
10.7500 3339.3050
10.7600 3230.1300
10.7700 3323.3125
10.7800 3337.0300
10.7900 3241.1350
10.8000 3265.9525
10.8100 3335.3325
10.8200 3322.7975
10.8300 3303.5075
10.8400 3316.7250
10.8500 3253.9000
10.8600 3145.9475
10.8700 3210.0450
10.8800 3338.7325
10.8900 3361.6400
10.9000 3283.8450
10.9100 3198.1575
10.9200 3239.0975
10.9300 3249.4225
10.9400 3144.0800
10.9500 3066.4825
10.9600 3093.8750
10.9700 3167.1075
10.9800 3157.7950
10.9900 3204.4250
11.0000 3254.5700
11.0100 3230.1200
11.0200 3226.5125
11.0300 3213.3325
11.0400 3189.7425
11.0500 3139.7150
11.0600 3173.9575
11.0700 3187.8800
11.0800 3170.2600
11.0900 3233.6800
11.1000 3280.0900
11.1100 3251.3300
11.1200 3174.6750
11.1300 3126.5850
11.1400 3175.4575
11.1500 3273.6350
11.1600 3320.0475
11.1700 3331.7000
11.1800 3261.1750
11.1900 3141.3850
11.2000 3131.8750
11.2100 3148.2300
11.2200 3138.3775
11.2300 3173.4650
11.2400 3221.7675
11.2500 3184.7500
11.2600 3108.2600
11.2700 3133.4925
11.2800 3149.9125
11.2900 3166.7975
11.3000 3198.3025
11.3100 3168.2900
11.3200 3165.0300
11.3300 3188.3475
11.3400 3168.2950
11.3500 3158.3525
11.3600 3203.3525
11.3700 3208.3250
11.3800 3231.6675
11.3900 3270.0025
11.4000 3271.6625
11.4100 3220.0575
11.4200 3171.6525
11.4300 3191.6525
11.4400 3116.8300
11.4500 3074.9050
11.4600 3143.2625
11.4700 3179.9700
11.4800 3203.2900
11.4900 3166.8475
11.5000 3096.7450
11.5100 3177.8950
11.5200 3321.4725
11.5300 3303.6325
11.5400 3193.6000
11.5500 3108.5300
11.5600 3041.8575
11.5700 3086.1800
11.5800 3193.1325
11.5900 3181.9600
11.6000 3161.5075
11.6100 3140.3325
11.6200 3099.9725
11.6300 3136.3875
11.6400 3128.6975
11.6500 3051.9850
11.6600 3066.1975
11.6700 3151.3250
11.6800 3193.2650
11.6900 3259.3725
11.7000 3245.8100
11.7100 3189.7775
11.7200 3234.7125
11.7300 3235.2950
11.7400 3196.8300
11.7500 3125.7300
11.7600 3102.8625
11.7700 3089.0150
11.7800 3118.8700
11.7900 3226.3425
11.8000 3180.9975
11.8100 3162.5550
11.8200 3178.9075
11.8300 3166.2575
11.8400 3216.3000
11.8500 3177.6800
11.8600 3059.2325
11.8700 3063.9700
11.8800 3095.5400
11.8900 3056.7825
11.9000 3087.6525
11.9100 3102.1200
11.9200 3097.9325
11.9300 3136.3525
11.9400 3127.1800
11.9500 3111.4375
11.9600 3167.4375
11.9700 3221.4975
11.9800 3153.2825
11.9900 3061.9125
12.0000 3156.0200
12.0100 3250.3625
12.0200 3203.9950
12.0300 3202.6600
12.0400 3202.3875
12.0500 3215.5875
12.0600 3268.2150
12.0700 3242.4225
12.0800 3226.2625
12.0900 3201.0650
12.1000 3174.5425
12.1100 3159.2200
12.1200 3150.9400
12.1300 3207.5950
12.1400 3209.0825
12.1500 3144.3150
12.1600 3205.5725
12.1700 3279.2050
12.1800 3172.1375
12.1900 3098.1925
12.2000 3156.7600
12.2100 3208.4775
12.2200 3229.2175
12.2300 3251.8150
12.2400 3227.2675
12.2500 3234.1375
12.2600 3298.8700
12.2700 3297.9150
12.2800 3300.2450
12.2900 3356.3475
12.3000 3295.7025
12.3100 3210.3275
12.3200 3282.1900
12.3300 3344.2250
12.3400 3240.9800
12.3500 3171.2675
12.3600 3212.2975
12.3700 3248.1575
12.3800 3267.8050
12.3900 3264.0475
12.4000 3216.0225
12.4100 3130.4575
12.4200 3172.7400
12.4300 3336.2875
12.4400 3393.3325
12.4500 3369.2825
12.4600 3316.0850
12.4700 3312.3025
12.4800 3304.7650
12.4900 3293.8825
12.5000 3382.5425
12.5100 3491.4575
12.5200 3493.6300
12.5300 3376.2025
12.5400 3375.2325
12.5500 3446.9450
12.5600 3484.7000
12.5700 3554.0800
12.5800 3511.2650
12.5900 3467.1075
12.6000 3554.0475
12.6100 3658.0925
12.6200 3666.7025
12.6300 3588.4600
12.6400 3621.4600
12.6500 3671.5200
12.6600 3590.5550
12.6700 3614.7025
12.6800 3709.3775
12.6900 3632.8125
12.7000 3636.5175
12.7100 3784.9100
12.7200 3872.5050
12.7300 3888.6150
12.7400 3829.2325
12.7500 3849.6050
12.7600 3926.5875
12.7700 4004.4875
12.7800 4051.5825
12.7900 4084.9650
12.8000 4088.3825
12.8100 4070.7175
12.8200 4123.1725
12.8300 4106.3150
12.8400 4068.7625
12.8500 4143.8175
12.8600 4223.6550
12.8700 4292.5600
12.8800 4391.9975
12.8900 4494.1000
12.9000 4557.5025
12.9100 4606.3800
12.9200 4668.5025
12.9300 4701.3825
12.9400 4829.2575
12.9500 4943.1025
12.9600 4995.1850
12.9700 5164.9575
12.9800 5258.2350
12.9900 5244.3175
13.0000 5403.8150
13.0100 5709.8900
13.0200 5853.4950
13.0300 5912.8800
13.0400 6053.2900
13.0500 6334.2550
13.0600 6649.7825
13.0700 6988.9125
13.0800 7241.0375
13.0900 7340.9025
13.1000 7505.2175
13.1100 7735.0350
13.1200 8125.9900
13.1300 8612.8750
13.1400 8908.5625
13.1500 9170.4600
13.1600 9605.7475
13.1700 10023.6225
13.1800 10425.9950
13.1900 10914.5575
13.2000 11317.2150
13.2100 11618.9075
13.2200 12013.8300
13.2300 12544.4950
13.2400 12976.5875
13.2500 13328.4225
13.2600 13732.1375
13.2700 14067.5650
13.2800 14352.6850
13.2900 14412.2500
13.3000 14282.1575
13.3100 14461.3775
13.3200 14605.6500
13.3300 14387.7925
13.3400 14252.4500
13.3500 14081.5800
13.3600 13901.9800
13.3700 13421.9025
13.3800 12743.2750
13.3900 12260.7350
13.4000 11982.9825
13.4100 11702.4150
13.4200 11303.0175
13.4300 10975.1425
13.4400 10644.2125
13.4500 10208.1700
13.4600 9740.0650
13.4700 9311.6225
13.4800 8901.0075
13.4900 8475.9125
13.5000 8198.6650
13.5100 7921.2900
13.5200 7618.7225
13.5300 7346.0725
13.5400 7057.9625
13.5500 6917.1150
13.5600 6797.3375
13.5700 6627.5800
13.5800 6376.2525
13.5900 6216.8350
13.6000 6058.4225
13.6100 5841.6825
13.6200 5656.9125
13.6300 5535.1300
13.6400 5412.1075
13.6500 5332.6750
13.6600 5281.9500
13.6700 5149.9525
13.6800 5013.2125
13.6900 4915.5775
13.7000 4790.4575
13.7100 4723.3325
13.7200 4752.1700
13.7300 4634.9650
13.7400 4409.3600
13.7500 4335.4475
13.7600 4293.3375
13.7700 4280.9050
13.7800 4293.0275
13.7900 4261.8750
13.8000 4227.5600
13.8100 4221.5550
13.8200 4130.8275
13.8300 3998.0400
13.8400 3895.0425
13.8500 3853.2575
13.8600 3888.4100
13.8700 3844.8850
13.8800 3765.4825
13.8900 3814.1950
13.9000 3803.2600
13.9100 3713.0075
13.9200 3727.1900
13.9300 3706.9450
13.9400 3669.6700
13.9500 3616.2925
13.9600 3624.6825
13.9700 3676.5125
13.9800 3666.8000
13.9900 3687.0425
14.0000 3651.1600
14.0100 3655.1700
14.0200 3644.3575
14.0300 3622.8675
14.0400 3554.7050
14.0500 3450.8175
14.0600 3426.0750
14.0700 3458.9525
14.0800 3531.1500
14.0900 3573.8700
14.1000 3534.8225
14.1100 3505.3925
14.1200 3426.4775
14.1300 3403.4450
14.1400 3499.1200
14.1500 3508.2975
14.1600 3408.4775
14.1700 3407.8175
14.1800 3412.1925
14.1900 3351.4350
14.2000 3284.0600
14.2100 3274.8175
14.2200 3336.2825
14.2300 3347.0725
14.2400 3299.2525
14.2500 3351.0300
14.2600 3419.9700
14.2700 3489.8475
14.2800 3620.1575
14.2900 3674.9125
14.3000 3621.2075
14.3100 3591.8600
14.3200 3576.7375
14.3300 3548.2175
14.3400 3518.6125
14.3500 3472.0475
14.3600 3457.2525
14.3700 3468.6375
14.3800 3491.1300
14.3900 3468.4550
14.4000 3395.3450
14.4100 3372.0000
14.4200 3328.6550
14.4300 3368.3875
14.4400 3427.2650
14.4500 3392.5900
14.4600 3276.6675
14.4700 3377.5500
14.4800 3487.6700
14.4900 3494.0050
14.5000 3553.7700
14.5100 3578.5400
14.5200 3551.8775
14.5300 3524.3725
14.5400 3582.4400
14.5500 3683.4875
14.5600 3639.3575
14.5700 3558.6625
14.5800 3739.5475
14.5900 3834.2825
14.6000 3717.5250
14.6100 3682.4250
14.6200 3713.3900
14.6300 3814.4975
14.6400 3857.9650
14.6500 3900.1375
14.6600 3962.5450
14.6700 4061.3850
14.6800 4112.4500
14.6900 4092.5425
14.7000 4068.2200
14.7100 4164.1700
14.7200 4272.8850
14.7300 4289.6450
14.7400 4326.8425
14.7500 4397.9850
14.7600 4409.1600
14.7700 4484.7925
14.7800 4646.5350
14.7900 4582.6325
14.8000 4524.7150
14.8100 4557.8400
14.8200 4623.8400
14.8300 4684.9600
14.8400 4777.7000
14.8500 4745.5375
14.8600 4607.0250
14.8700 4523.7875
14.8800 4558.1525
14.8900 4595.2200
14.9000 4584.7625
14.9100 4600.9675
14.9200 4525.2850
14.9300 4454.3125
14.9400 4443.3100
14.9500 4438.1475
14.9600 4473.1325
14.9700 4430.9550
14.9800 4201.2450
14.9900 4141.7625
15.0000 4195.6275
15.0100 4141.4175
15.0200 3974.7250
15.0300 3876.7400
15.0400 3826.4800
15.0500 3749.7500
15.0600 3699.1750
15.0700 3725.2800
15.0800 3704.6425
15.0900 3593.3325
15.1000 3606.0475
15.1100 3641.6875
15.1200 3734.3950
15.1300 3758.9775
15.1400 3634.2500
15.1500 3525.2050
15.1600 3402.8800
15.1700 3396.0625
15.1800 3448.5950
15.1900 3432.6125
15.2000 3344.5125
15.2100 3286.4975
15.2200 3378.7525
15.2300 3461.9050
15.2400 3430.8075
15.2500 3323.1950
15.2600 3283.2050
15.2700 3297.7675
15.2800 3377.9600
15.2900 3409.6800
15.3000 3413.9650
15.3100 3378.9050
15.3200 3300.5450
15.3300 3279.9400
15.3400 3246.9150
15.3500 3234.7250
15.3600 3226.9275
15.3700 3259.2250
15.3800 3331.6725
15.3900 3316.9425
15.4000 3257.7900
15.4100 3304.3600
15.4200 3371.7375
15.4300 3316.1050
15.4400 3326.9250
15.4500 3335.2825
15.4600 3290.4525
15.4700 3243.8250
15.4800 3274.3850
15.4900 3321.7575
15.5000 3330.7875
15.5100 3270.3450
15.5200 3230.4800
15.5300 3187.8225
15.5400 3164.8575
15.5500 3144.7100
15.5600 3135.6675
15.5700 3096.6400
15.5800 3041.3600
15.5900 3034.7050
15.6000 3090.5750
15.6100 3113.1450
15.6200 3091.0025
15.6300 3100.7150
15.6400 3114.0025
15.6500 3090.3425
15.6600 3104.5325
15.6700 3095.3000
15.6800 3071.4950
15.6900 3004.5325
15.7000 2904.2550
15.7100 2872.8450
15.7200 2965.4025
15.7300 2997.6150
15.7400 2984.9600
15.7500 3040.6425
15.7600 3043.8200
15.7700 2972.5950
15.7800 2995.1550
15.7900 2966.1700
15.8000 2866.0425
15.8100 2905.2050
15.8200 2912.0125
15.8300 2895.3500
15.8400 2958.5575
15.8500 2965.5750
15.8600 2937.9925
15.8700 2833.7350
15.8800 2801.3475
15.8900 2869.3475
15.9000 2928.9675
15.9100 2839.6950
15.9200 2827.6500
15.9300 2857.8000
15.9400 2795.8275
15.9500 2820.3950
15.9600 2912.6825
15.9700 2927.3900
15.9800 2909.8450
15.9900 2842.5975
16.0000 2788.5725
16.0100 2772.0700
16.0200 2850.0825
16.0300 2863.2650
16.0400 2805.3425
16.0500 2818.0000
16.0600 2790.0100
16.0700 2781.3100
16.0800 2785.3825
16.0900 2738.0125
16.1000 2745.9500
16.1100 2773.9850
16.1200 2778.6725
16.1300 2747.4800
16.1400 2720.5675
16.1500 2762.5650
16.1600 2752.2400
16.1700 2729.1100
16.1800 2789.2025
16.1900 2753.8675
16.2000 2671.2575
16.2100 2651.6600
16.2200 2642.9000
16.2300 2709.9225
16.2400 2713.4150
16.2500 2695.4350
16.2600 2708.3250
16.2700 2746.6675
16.2800 2694.1200
16.2900 2576.5750
16.3000 2516.0650
16.3100 2562.4400
16.3200 2665.6050
16.3300 2700.0000
16.3400 2650.2800
16.3500 2574.6400
16.3600 2577.9725
16.3700 2576.0825
16.3800 2624.8050
16.3900 2754.3375
16.4000 2782.9350
16.4100 2670.5150
16.4200 2569.9075
16.4300 2534.6350
16.4400 2544.4650
16.4500 2529.3925
16.4600 2512.6250
16.4700 2542.9575
16.4800 2534.4425
16.4900 2547.9625
16.5000 2594.0075
16.5100 2691.7900
16.5200 2737.9600
16.5300 2702.5400
16.5400 2623.9725
16.5500 2597.2025
16.5600 2586.5750
16.5700 2578.0350
16.5800 2566.7625
16.5900 2526.4875
16.6000 2591.6150
16.6100 2603.2675
16.6200 2535.8800
16.6300 2512.0500
16.6400 2533.0750
16.6500 2573.8425
16.6600 2588.9600
16.6700 2613.5675
16.6800 2591.6500
16.6900 2526.1675
16.7000 2540.4250
16.7100 2586.0900
16.7200 2632.1625
16.7300 2612.1875
16.7400 2515.8800
16.7500 2536.5375
16.7600 2542.9950
16.7700 2488.4050
16.7800 2433.0225
16.7900 2396.1950
16.8000 2426.7600
16.8100 2495.5325
16.8200 2455.5700
16.8300 2385.6400
16.8400 2402.7625
16.8500 2429.2600
16.8600 2494.8550
16.8700 2472.5225
16.8800 2499.3525
16.8900 2541.7050
16.9000 2512.2425
16.9100 2461.3200
16.9200 2495.0800
16.9300 2526.2800
16.9400 2510.3125
16.9500 2489.2400
16.9600 2485.3125
16.9700 2429.1900
16.9800 2418.7175
16.9900 2414.1825
17.0000 2493.3325
17.0100 2465.8650
17.0200 2418.7525
17.0300 2434.1225
17.0400 2450.8750
17.0500 2410.0800
17.0600 2376.6675
17.0700 2392.8275
17.0800 2438.6325
17.0900 2465.0350
17.1000 2455.4275
17.1100 2452.0950
17.1200 2443.8075
17.1300 2471.7000
17.1400 2502.0375
17.1500 2454.4550
17.1600 2465.9250
17.1700 2454.5675
17.1800 2432.0050
17.1900 2377.6775
17.2000 2359.1300
17.2100 2385.4775
17.2200 2457.7550
17.2300 2515.4375
17.2400 2481.4175
17.2500 2408.2675
17.2600 2401.1800
17.2700 2451.9075
17.2800 2461.7725
17.2900 2419.0925
17.3000 2405.2125
17.3100 2513.8600
17.3200 2495.9000
17.3300 2397.7175
17.3400 2409.5425
17.3500 2383.4475
17.3600 2471.3575
17.3700 2477.6975
17.3800 2408.2725
17.3900 2487.8800
17.4000 2471.8100
17.4100 2429.0950
17.4200 2433.0050
17.4300 2429.7750
17.4400 2379.9300
17.4500 2400.0900
17.4600 2355.7475
17.4700 2391.3600
17.4800 2430.9975
17.4900 2392.4950
17.5000 2368.5200
17.5100 2345.5700
17.5200 2357.2475
17.5300 2440.1425
17.5400 2449.6050
17.5500 2414.5325
17.5600 2420.2600
17.5700 2426.6675
17.5800 2407.5325
17.5900 2325.5350
17.6000 2245.9700
17.6100 2292.4600
17.6200 2375.7400
17.6300 2405.2350
17.6400 2402.6175
17.6500 2387.1675
17.6600 2348.3175
17.6700 2357.3950
17.6800 2362.0900
17.6900 2394.7425
17.7000 2431.7625
17.7100 2517.6600
17.7200 2536.2400
17.7300 2409.3950
17.7400 2318.6100
17.7500 2366.6350
17.7600 2473.5375
17.7700 2434.0600
17.7800 2354.7075
17.7900 2392.7350
17.8000 2426.6900
17.8100 2374.7350
17.8200 2334.9350
17.8300 2387.1875
17.8400 2497.5650
17.8500 2407.8675
17.8600 2361.5750
17.8700 2391.9575
17.8800 2335.3300
17.8900 2333.6650
17.9000 2352.4950
17.9100 2366.8275
17.9200 2405.9175
17.9300 2492.2475
17.9400 2527.2200
17.9500 2445.2925
17.9600 2385.3825
17.9700 2456.9650
17.9800 2442.0025
17.9900 2506.4725
18.0000 2523.4100
18.0100 2460.6275
18.0200 2443.5925
18.0300 2452.0550
18.0400 2468.6825
18.0500 2529.3300
18.0600 2526.8775
18.0700 2464.0250
18.0800 2423.9225
18.0900 2423.1650
18.1000 2483.4400
18.1100 2470.5275
18.1200 2392.1300
18.1300 2303.0425
18.1400 2306.1850
18.1500 2326.0250
18.1600 2273.1550
18.1700 2267.9775
18.1800 2350.5175
18.1900 2432.2150
18.2000 2338.8625
18.2100 2323.0375
18.2200 2308.0150
18.2300 2356.0800
18.2400 2410.0650
18.2500 2381.5775
18.2600 2303.1550
18.2700 2262.9925
18.2800 2224.4625
18.2900 2236.8200
18.3000 2249.9050
18.3100 2255.8100
18.3200 2310.2100
18.3300 2361.3200
18.3400 2358.4775
18.3500 2276.6000
18.3600 2283.5150
18.3700 2277.4025
18.3800 2215.7675
18.3900 2342.6700
18.4000 2449.8325
18.4100 2398.9300
18.4200 2411.0900
18.4300 2398.8850
18.4400 2359.9225
18.4500 2293.3425
18.4600 2315.5575
18.4700 2332.2225
18.4800 2323.3425
18.4900 2317.7600
18.5000 2353.2700
18.5100 2355.7100
18.5200 2277.7900
18.5300 2266.7050
18.5400 2279.8200
18.5500 2358.6950
18.5600 2375.8475
18.5700 2291.2575
18.5800 2299.5900
18.5900 2440.4275
18.6000 2539.1825
18.6100 2426.3900
18.6200 2304.3375
18.6300 2278.4000
18.6400 2238.1775
18.6500 2336.5575
18.6600 2342.3575
18.6700 2360.4825
18.6800 2392.9450
18.6900 2292.7125
18.7000 2259.6500
18.7100 2295.5075
18.7200 2327.1475
18.7300 2389.8425
18.7400 2398.9975
18.7500 2414.9075
18.7600 2451.5200
18.7700 2403.7875
18.7800 2354.8825
18.7900 2302.8350
18.8000 2277.2475
18.8100 2330.5650
18.8200 2380.6525
18.8300 2387.4275
18.8400 2304.5600
18.8500 2296.5225
18.8600 2424.8750
18.8700 2382.8650
18.8800 2317.7775
18.8900 2294.0800
18.9000 2381.8775
18.9100 2405.3350
18.9200 2398.5450
18.9300 2334.4400
18.9400 2282.1275
18.9500 2296.2325
18.9600 2337.9050
18.9700 2398.1875
18.9800 2434.2400
18.9900 2442.2750
19.0000 2418.8400
19.0100 2365.9350
19.0200 2348.9450
19.0300 2327.6775
19.0400 2274.0200
19.0500 2252.9850
19.0600 2270.8750
19.0700 2317.8325
19.0800 2391.6000
19.0900 2364.9425
19.1000 2358.1925
19.1100 2405.3175
19.1200 2440.7825
19.1300 2394.5250
19.1400 2357.5100
19.1500 2370.8375
19.1600 2386.2500
19.1700 2396.8775
19.1800 2396.2400
19.1900 2432.8550
19.2000 2454.2750
19.2100 2369.2650
19.2200 2332.6550
19.2300 2334.7075
19.2400 2296.4350
19.2500 2338.4475
19.2600 2415.6350
19.2700 2392.7200
19.2800 2324.0125
19.2900 2265.1050
19.3000 2287.7725
19.3100 2387.1875
19.3200 2386.9225
19.3300 2376.6400
19.3400 2418.2425
19.3500 2372.5775
19.3600 2363.3325
19.3700 2376.6000
19.3800 2401.5700
19.3900 2375.7400
19.4000 2365.7175
19.4100 2380.0725
19.4200 2327.1300
19.4300 2396.6675
19.4400 2391.6000
19.4500 2374.9375
19.4600 2345.1275
19.4700 2286.1575
19.4800 2298.1425
19.4900 2401.5425
19.5000 2349.5425
19.5100 2290.8800
19.5200 2290.8975
19.5300 2387.3075
19.5400 2345.2450
19.5500 2295.0325
19.5600 2389.0675
19.5700 2517.6650
19.5800 2441.7175
19.5900 2307.3450
19.6000 2320.2525
19.6100 2397.2775
19.6200 2411.0950
19.6300 2367.6600
19.6400 2403.7600
19.6500 2467.4625
19.6600 2400.2750
19.6700 2307.2350
19.6800 2273.1100
19.6900 2341.7300
19.7000 2363.7325
19.7100 2306.1475
19.7200 2325.8350
19.7300 2304.9175
19.7400 2339.2675
19.7500 2371.7400
19.7600 2323.9225
19.7700 2330.3950
19.7800 2334.0975
19.7900 2347.2925
19.8000 2320.5725
19.8100 2338.7775
19.8200 2314.2075
19.8300 2229.6125
19.8400 2312.7775
19.8500 2360.0000
19.8600 2383.2850
19.8700 2461.3200
19.8800 2479.4500
19.8900 2394.7325
19.9000 2382.2725
19.9100 2385.5275
19.9200 2392.7675
19.9300 2272.8150
19.9400 2263.3325
19.9500 2278.7075
19.9600 2313.7875
19.9700 2320.0900
19.9800 2345.6725
19.9900 2312.3175
20.0000 2270.9325
20.0100 2263.3475
20.0200 2285.7200
20.0300 2291.4275
20.0400 2304.2525
20.0500 2400.4550
20.0600 2429.5150
20.0700 2441.4075
20.0800 2416.3900
20.0900 2321.4400
20.1000 2328.0075
20.1100 2354.7775
20.1200 2398.0975
20.1300 2512.4650
20.1400 2490.5100
20.1500 2467.3550
20.1600 2405.0725
20.1700 2340.6225
20.1800 2311.0450
20.1900 2321.9325
20.2000 2401.6225
20.2100 2416.6600
20.2200 2365.0600
20.2300 2396.9125
20.2400 2479.1625
20.2500 2592.6625
20.2600 2496.6225
20.2700 2452.4050
20.2800 2407.3925
20.2900 2338.3000
20.3000 2424.4875
20.3100 2376.8200
20.3200 2429.1500
20.3300 2510.4825
20.3400 2553.1050
20.3500 2536.0025
20.3600 2430.1450
20.3700 2431.5875
20.3800 2543.5900
20.3900 2523.0075
20.4000 2519.7275
20.4100 2503.8150
20.4200 2430.3400
20.4300 2487.6075
20.4400 2549.7000
20.4500 2553.0425
20.4600 2495.8000
20.4700 2459.0300
20.4800 2484.6575
20.4900 2441.9800
20.5000 2510.9025
20.5100 2488.0800
20.5200 2409.1900
20.5300 2385.4000
20.5400 2404.4950
20.5500 2427.4400
20.5600 2432.4575
20.5700 2386.3700
20.5800 2452.5225
20.5900 2508.1100
20.6000 2554.1725
20.6100 2505.7400
20.6200 2472.8975
20.6300 2480.2200
20.6400 2457.7750
20.6500 2464.6775
20.6600 2430.5075
20.6700 2360.7375
20.6800 2355.5550
20.6900 2460.6850
20.7000 2457.7425
20.7100 2459.4325
20.7200 2426.4825
20.7300 2422.8150
20.7400 2438.2450
20.7500 2457.8725
20.7600 2484.6525
20.7700 2385.9000
20.7800 2448.7325
20.7900 2468.9725
20.8000 2437.5050
20.8100 2370.2850
20.8200 2322.9075
20.8300 2313.2925
20.8400 2361.3325
20.8500 2345.3225
20.8600 2389.0200
20.8700 2456.2850
20.8800 2466.5975
20.8900 2377.9400
20.9000 2337.3125
20.9100 2355.2275
20.9200 2436.9300
20.9300 2370.5725
20.9400 2332.2050
20.9500 2311.9675
20.9600 2340.6900
20.9700 2332.7125
20.9800 2371.9225
20.9900 2388.8050
21.0000 2338.3650
21.0100 2328.9100
21.0200 2320.5600
21.0300 2422.5400
21.0400 2435.9175
21.0500 2455.0225
21.0600 2419.5350
21.0700 2306.7350
21.0800 2340.1200
21.0900 2364.0450
21.1000 2301.5700
21.1100 2278.4450
21.1200 2361.7375
21.1300 2385.7550
21.1400 2305.0150
21.1500 2340.8325
21.1600 2354.9850
21.1700 2354.2600
21.1800 2257.4575
21.1900 2328.1325
21.2000 2411.8750
21.2100 2305.0925
21.2200 2241.9250
21.2300 2199.5475
21.2400 2323.4125
21.2500 2300.0425
21.2600 2289.1775
21.2700 2263.7000
21.2800 2229.3775
21.2900 2359.6350
21.3000 2424.0850
21.3100 2399.1350
21.3200 2302.0750
21.3300 2377.9025
21.3400 2418.7050
21.3500 2377.3900
21.3600 2368.9275
21.3700 2338.9475
21.3800 2443.5325
21.3900 2396.6950
21.4000 2323.0075
21.4100 2356.5525
21.4200 2373.0975
21.4300 2378.0800
21.4400 2318.7750
21.4500 2292.9425
21.4600 2341.7225
21.4700 2388.0225
21.4800 2348.4050
21.4900 2347.3150
21.5000 2365.5675
21.5100 2391.2750
21.5200 2406.3575
21.5300 2378.0850
21.5400 2373.5625
21.5500 2321.0550
21.5600 2340.8950
21.5700 2311.2625
21.5800 2368.2025
21.5900 2340.2100
21.6000 2337.2575
21.6100 2257.5900
21.6200 2400.3325
21.6300 2473.6950
21.6400 2484.9700
21.6500 2428.7550
21.6600 2360.6675
21.6700 2357.1800
21.6800 2448.2175
21.6900 2418.4875
21.7000 2290.9625
21.7100 2264.6700
21.7200 2318.7300
21.7300 2368.2350
21.7400 2473.3325
21.7500 2440.3200
21.7600 2330.7675
21.7700 2354.0025
21.7800 2409.5725
21.7900 2357.2275
21.8000 2325.2325
21.8100 2301.1275
21.8200 2342.4000
21.8300 2353.0950
21.8400 2453.1750
21.8500 2396.0350
21.8600 2441.5975
21.8700 2320.5075
21.8800 2298.5150
21.8900 2374.0850
21.9000 2376.6675
21.9100 2384.1675
21.9200 2408.5025
21.9300 2385.3850
21.9400 2365.1500
21.9500 2501.7975
21.9600 2452.4875
21.9700 2391.1525
21.9800 2445.5875
21.9900 2504.4475
22.0000 2523.7000
22.0100 2507.8450
22.0200 2397.8125
22.0300 2362.9825
22.0400 2362.5050
22.0500 2401.5250
22.0600 2387.7350
22.0700 2401.8675
22.0800 2410.5600
22.0900 2463.6500
22.1000 2470.1050
22.1100 2455.4000
22.1200 2459.7775
22.1300 2359.7050
22.1400 2358.2600
22.1500 2415.9150
22.1600 2481.2800
22.1700 2505.6725
22.1800 2493.6000
22.1900 2512.4175
22.2000 2511.0800
22.2100 2403.4800
22.2200 2315.9700
22.2300 2330.7075
22.2400 2277.8350
22.2500 2356.8675
22.2600 2396.0000
22.2700 2361.6375
22.2800 2393.4700
22.2900 2431.3000
22.3000 2377.4800
22.3100 2336.9825
22.3200 2333.0575
22.3300 2414.4025
22.3400 2437.0125
22.3500 2405.6200
22.3600 2389.2675
22.3700 2441.5575
22.3800 2432.0900
22.3900 2337.1150
22.4000 2381.5350
22.4100 2393.0550
22.4200 2390.2375
22.4300 2473.0775
22.4400 2425.9350
22.4500 2337.0075
22.4600 2301.3775
22.4700 2319.0450
22.4800 2370.7850
22.4900 2390.7800
22.5000 2429.2475
22.5100 2509.1525
22.5200 2459.5400
22.5300 2388.1700
22.5400 2407.0850
22.5500 2351.9150
22.5600 2337.3975
22.5700 2374.3025
22.5800 2459.3675
22.5900 2434.2700
22.6000 2328.3325
22.6100 2478.0900
22.6200 2523.3325
22.6300 2489.1800
22.6400 2376.0625
22.6500 2485.3550
22.6600 2542.0100
22.6700 2475.3200
22.6800 2488.0350
22.6900 2440.0750
22.7000 2393.2850
22.7100 2433.2125
22.7200 2483.3700
22.7300 2479.8750
22.7400 2520.6575
22.7500 2511.5225
22.7600 2448.9225
22.7700 2378.2300
22.7800 2363.2900
22.7900 2490.2250
22.8000 2463.0100
22.8100 2492.6400
22.8200 2401.7600
22.8300 2442.4900
22.8400 2476.3550
22.8500 2498.6125
22.8600 2447.7925
22.8700 2523.0125
22.8800 2426.6775
22.8900 2487.0625
22.9000 2426.2150
22.9100 2364.8825
22.9200 2473.1850
22.9300 2465.6875
22.9400 2392.5325
22.9500 2465.0675
22.9600 2481.6075
22.9700 2472.6250
22.9800 2529.1875
22.9900 2516.1000
23.0000 2403.9150
23.0100 2365.2125
23.0200 2380.2150
23.0300 2418.1175
23.0400 2484.4975
23.0500 2608.8025
23.0600 2574.9025
23.0700 2607.7675
23.0800 2467.9050
23.0900 2477.6575
23.1000 2499.7500
23.1100 2516.4100
23.1200 2523.2450
23.1300 2501.3025
23.1400 2514.6400
23.1500 2427.0500
23.1600 2472.7225
23.1700 2495.5550
23.1800 2628.2200
23.1900 2689.9950
23.2000 2583.6650
23.2100 2507.5850
23.2200 2489.4325
23.2300 2466.8950
23.2400 2525.3425
23.2500 2593.1850
23.2600 2670.0825
23.2700 2710.8425
23.2800 2556.7975
23.2900 2590.2475
23.3000 2518.1275
23.3100 2487.6250
23.3200 2594.0875
23.3300 2561.9450
23.3400 2534.1100
23.3500 2506.6675
23.3600 2513.1200
23.3700 2549.1900
23.3800 2581.9275
23.3900 2595.0000
23.4000 2544.6575
23.4100 2576.5450
23.4200 2612.3150
23.4300 2547.8450
23.4400 2508.4825
23.4500 2620.3025
23.4600 2740.8125
23.4700 2745.6625
23.4800 2597.2400
23.4900 2604.0025
23.5000 2622.1925
23.5100 2631.4750
23.5200 2706.7450
23.5300 2720.4975
23.5400 2710.0625
23.5500 2706.3275
23.5600 2598.7725
23.5700 2578.5675
23.5800 2698.0775
23.5900 2823.7775
23.6000 2761.1175
23.6100 2779.5025
23.6200 2828.2950
23.6300 2751.1100
23.6400 2723.9150
23.6500 2659.9375
23.6600 2748.3050
23.6700 2776.0900
23.6800 2787.8000
23.6900 2778.8625
23.7000 2805.8850
23.7100 2889.9450
23.7200 2881.0325
23.7300 2762.5175
23.7400 2840.7875
23.7500 2932.8450
23.7600 3013.8650
23.7700 2930.0625
23.7800 2991.8950
23.7900 2864.9450
23.8000 2893.7100
23.8100 3018.1925
23.8200 3114.9350
23.8300 3124.4000
23.8400 3131.5950
23.8500 3121.4350
23.8600 3014.8650
23.8700 2995.8775
23.8800 3129.1175
23.8900 3098.7800
23.9000 3056.6675
23.9100 3066.6125
23.9200 3141.4150
23.9300 3235.8200
23.9400 3117.6125
23.9500 3101.7150
23.9600 3181.2625
23.9700 3173.1000
23.9800 3169.3825
23.9900 3059.2375
24.0000 3078.4650
24.0100 3112.8100
24.0200 3137.9825
24.0300 3096.6250
24.0400 3145.0275
24.0500 3206.9550
24.0600 3198.6050
24.0700 3223.4375
24.0800 3094.3400
24.0900 3084.9200
24.1000 3024.5725
24.1100 3149.8250
24.1200 3084.3150
24.1300 3164.5950
24.1400 3240.8300
24.1500 3093.3325
24.1600 3093.8275
24.1700 3096.1725
24.1800 3100.7175
24.1900 3140.8775
24.2000 3115.4000
24.2100 3053.4200
24.2200 3080.1600
24.2300 3118.5400
24.2400 3099.8100
24.2500 3026.9300
24.2600 2950.4825
24.2700 2962.4875
24.2800 3032.0450
24.2900 3117.1000
24.3000 3075.6950
24.3100 3050.0000
24.3200 3074.7500
24.3300 3205.2925
24.3400 3091.4575
24.3500 3052.4400
24.3600 3009.9650
24.3700 3026.7100
24.3800 3012.2950
24.3900 3038.7150
24.4000 2995.6000
24.4100 3029.0700
24.4200 3034.9400
24.4300 3102.0350
24.4400 3061.3225
24.4500 2982.9800
24.4600 2962.2975
24.4700 2978.0425
24.4800 3005.4150
24.4900 3120.1400
24.5000 3087.7150
24.5100 3020.4375
24.5200 3078.0675
24.5300 3034.1675
24.5400 3097.0300
24.5500 3065.2000
24.5600 3126.2725
24.5700 3145.6675
24.5800 3001.9800
24.5900 2971.3350
24.6000 3099.8050
24.6100 3048.3650
24.6200 3134.7600
24.6300 3032.0400
24.6400 2882.7200
24.6500 2996.4125
24.6600 3176.3200
24.6700 3059.4175
24.6800 3036.3700
24.6900 3046.2800
24.7000 2988.3200
24.7100 3051.6025
24.7200 2964.1650
24.7300 3045.8725
24.7400 2976.0400
24.7500 3135.8775
24.7600 3011.1475
24.7700 2991.5400
24.7800 3138.6225
24.7900 3273.1575
24.8000 3140.7125
24.8100 3040.0500
24.8200 3102.4850
24.8300 3048.3350
24.8400 3053.6900
24.8500 3178.7150
24.8600 3224.0975
24.8700 3276.2550
24.8800 3258.1450
24.8900 3152.8650
24.9000 3183.1300
24.9100 3259.8450
24.9200 3300.9850
24.9300 3248.2650
24.9400 3178.2600
24.9500 3273.7950
24.9600 3171.1750
24.9700 3115.0650
24.9800 3192.2175
24.9900 3315.4125
25.0000 3377.2250
25.0100 3360.2225
25.0200 3375.2400
25.0300 3297.4650
25.0400 3351.7675
25.0500 3345.4675
25.0600 3382.3850
25.0700 3341.0725
25.0800 3269.8500
25.0900 3252.9775
25.1000 3327.8200
25.1100 3345.8700
25.1200 3411.6975
25.1300 3384.3850
25.1400 3464.3000
25.1500 3424.9250
25.1600 3475.0375
25.1700 3556.1275
25.1800 3468.4550
25.1900 3421.0225
25.2000 3354.4750
25.2100 3395.5750
25.2200 3454.4500
25.2300 3574.0625
25.2400 3591.9400
25.2500 3464.5250
25.2600 3412.3550
25.2700 3580.8875
25.2800 3710.4775
25.2900 3821.8850
25.3000 3800.2500
25.3100 3715.3225
25.3200 3669.8500
25.3300 3613.6900
25.3400 3635.9100
25.3500 3798.4425
25.3600 3818.9975
25.3700 3871.2525
25.3800 3889.2525
25.3900 3711.5800
25.4000 3695.6200
25.4100 3689.1025
25.4200 3720.7550
25.4300 3815.7525
25.4400 3843.5575
25.4500 3922.9050
25.4600 4105.3100
25.4700 4195.3375
25.4800 4064.2875
25.4900 4060.6025
25.5000 4231.5550
25.5100 4375.8475
25.5200 4218.3250
25.5300 4210.0125
25.5400 4270.6650
25.5500 4284.2925
25.5600 4350.3600
25.5700 4294.3650
25.5800 4056.5675
25.5900 4315.6875
25.6000 4451.5350
25.6100 4378.5250
25.6200 4425.0500
25.6300 4413.8650
25.6400 4452.5675
25.6500 4474.4300
25.6600 4453.3325
25.6700 4445.4000
25.6800 4373.7950
25.6900 4432.3625
25.7000 4652.6275
25.7100 4712.8125
25.7200 4746.2275
25.7300 4811.6300
25.7400 4842.3850
25.7500 4669.6925
25.7600 4684.4525
25.7700 4879.2450
25.7800 5058.7400
25.7900 4947.8800
25.8000 4962.7175
25.8100 4993.0075
25.8200 5036.2150
25.8300 5172.3350
25.8400 5238.3200
25.8500 5327.4775
25.8600 5374.4225
25.8700 5408.5500
25.8800 5306.6675
25.8900 5481.7475
25.9000 5507.5425
25.9100 5582.9125
25.9200 5538.4425
25.9300 5504.4300
25.9400 5699.0400
25.9500 5769.6600
25.9600 5886.3475
25.9700 6024.6950
25.9800 5990.4275
25.9900 5872.9075
26.0000 6129.1750
26.0100 6194.7175
26.0200 6221.0325
26.0300 6339.4875
26.0400 6305.4175
26.0500 6424.8400
26.0600 6669.1050
26.0700 6700.7150
26.0800 6745.5925
26.0900 6738.1475
26.1000 6809.5775
26.1100 6993.4850
26.1200 6955.8750
26.1300 6961.9050
26.1400 7145.2300
26.1500 7189.7450
26.1600 6997.5150
26.1700 7082.2825
26.1800 7029.2300
26.1900 7007.7325
26.2000 6853.8950
26.2100 6772.4050
26.2200 6706.7125
26.2300 7025.3075
26.2400 6915.9325
26.2500 6791.2825
26.2600 6867.0050
26.2700 6585.9050
26.2800 6640.9000
26.2900 6402.9250
26.3000 6438.0600
26.3100 6404.8875
26.3200 6294.2650
26.3300 6266.6775
26.3400 6303.8200
26.3500 6206.3025
26.3600 5977.6850
26.3700 5899.3525
26.3800 5861.1100
26.3900 6041.7450
26.4000 5878.5975
26.4100 5761.9725
26.4200 5654.9300
26.4300 5675.9850
26.4400 5667.7950
26.4500 5682.2100
26.4600 5664.2100
26.4700 5629.7775
26.4800 5618.9300
26.4900 5507.8025
26.5000 5476.8850
26.5100 5467.6050
26.5200 5296.7025
26.5300 5393.7625
26.5400 5396.1500
26.5500 5333.6200
26.5600 5234.7125
26.5700 5149.3075
26.5800 5047.5275
26.5900 5160.2075
26.6000 5153.8250
26.6100 4999.5200
26.6200 4847.3550
26.6300 4966.9050
26.6400 5082.4200
26.6500 5206.4725
26.6600 4945.3275
26.6700 4963.5775
26.6800 4763.1725
26.6900 4863.7275
26.7000 4808.2925
26.7100 4666.1725
26.7200 4559.6175
26.7300 4715.5200
26.7400 4689.4475
26.7500 4568.1125
26.7600 4539.6675
26.7700 4579.9350
26.7800 4411.2975
26.7900 4431.3100
26.8000 4394.1075
26.8100 4350.3625
26.8200 4356.3050
26.8300 4355.1975
26.8400 4448.9800
26.8500 4488.7625
26.8600 4462.4525
26.8700 4381.4325
26.8800 4288.7450
26.8900 4322.0225
26.9000 4241.6200
26.9100 4329.4325
26.9200 4253.1300
26.9300 4184.4925
26.9400 4142.8350
26.9500 4131.1900
26.9600 4088.0350
26.9700 4056.4975
26.9800 4181.5600
26.9900 4134.1800
27.0000 3889.8450
27.0100 3960.5875
27.0200 4106.8225
27.0300 4111.2425
27.0400 4134.6625
27.0500 4091.8050
27.0600 4063.6400
27.0700 4136.8400
27.0800 4065.5200
27.0900 3968.5200
27.1000 3944.4525
27.1100 4104.7375
27.1200 3908.8625
27.1300 3747.4150
27.1400 3983.1150
27.1500 3904.0375
27.1600 3915.3900
27.1700 3811.1075
27.1800 3841.8850
27.1900 3958.4325
27.2000 3843.0625
27.2100 3840.8125
27.2200 3938.2775
27.2300 3891.1500
27.2400 3758.7500
27.2500 3812.1925
27.2600 3867.4325
27.2700 3886.2875
27.2800 3876.7925
27.2900 3881.3650
27.3000 3915.9300
27.3100 3895.6925
27.3200 3872.2900
27.3300 3926.1725
27.3400 3740.3050
27.3500 3928.7125
27.3600 3887.3150
27.3700 3721.7175
27.3800 3774.5350
27.3900 3898.3975
27.4000 3758.4425
27.4100 3812.9625
27.4200 3900.1075
27.4300 3904.0850
27.4400 3928.2600
27.4500 3974.9875
27.4600 3923.8525
27.4700 3940.4100
27.4800 3954.8525
27.4900 3997.5250
27.5000 3810.9900
27.5100 3848.6125
27.5200 4020.5325
27.5300 3930.3850
27.5400 4058.0800
27.5500 4108.0600
27.5600 4158.4100
27.5700 4221.3575
27.5800 4271.6075
27.5900 4327.6200
27.6000 4240.7825
27.6100 4271.1150
27.6200 4312.3175
27.6300 4275.3350
27.6400 4354.2375
27.6500 4389.1100
27.6600 4353.7325
27.6700 4370.9425
27.6800 4411.8575
27.6900 4492.8950
27.7000 4615.7675
27.7100 4578.9525
27.7200 4682.3225
27.7300 4787.3800
27.7400 4819.3675
27.7500 4793.1725
27.7600 4941.8425
27.7700 4872.5950
27.7800 4996.1450
27.7900 4801.4725
27.8000 4706.5400
27.8100 4701.5450
27.8200 4781.2150
27.8300 4669.1000
27.8400 4806.3575
27.8500 4976.7225
27.8600 4978.8850
27.8700 4910.6050
27.8800 4746.0800
27.8900 4710.2075
27.9000 4722.7225
27.9100 4685.7225
27.9200 4841.0525
27.9300 4683.7775
27.9400 4483.6100
27.9500 4504.4575
27.9600 4589.2050
27.9700 4778.1700
27.9800 4637.0400
27.9900 4666.1850
28.0000 4626.3150
28.0100 4599.1950
28.0200 4819.0500
28.0300 4730.7175
28.0400 4487.0775
28.0500 4527.4900
28.0600 4608.8575
28.0700 4490.6400
28.0800 4560.1175
28.0900 4573.1650
28.1000 4552.5525
28.1100 4456.4350
28.1200 4426.4950
28.1300 4403.6375
28.1400 4446.9775
28.1500 4493.3750
28.1600 4499.8025
28.1700 4466.3325
28.1800 4407.2900
28.1900 4527.0050
28.2000 4596.8300
28.2100 4632.7700
28.2200 4496.1275
28.2300 4353.1075
28.2400 4286.7275
28.2500 4307.1925
28.2600 4503.3500
28.2700 4510.0450
28.2800 4533.1100
28.2900 4393.1650
28.3000 4256.6975
28.3100 4293.3775
28.3200 4380.0225
28.3300 4523.3025
28.3400 4566.6425
28.3500 4446.7775
28.3600 4400.0600
28.3700 4390.0175
28.3800 4230.3225
28.3900 4333.0875
28.4000 4323.3600
28.4100 4359.8875
28.4200 4326.7825
28.4300 4413.0025
28.4400 4303.7925
28.4500 4343.1525
28.4600 4217.2875
28.4700 4219.9825
28.4800 4263.0900
28.4900 4402.4975
28.5000 4406.6450
28.5100 4290.7825
28.5200 4227.1125
28.5300 4186.9625
28.5400 4107.2900
28.5500 4040.5425
28.5600 4119.3200
28.5700 4067.1400
28.5800 3954.3775
28.5900 3936.8275
28.6000 3972.9700
28.6100 3880.9625
28.6200 3945.9550
28.6300 3946.6675
28.6400 3837.9200
28.6500 3734.5475
28.6600 3700.4025
28.6700 3765.8350
28.6800 3773.2475
28.6900 3812.8050
28.7000 3819.9100
28.7100 3593.1975
28.7200 3593.2850
28.7300 3665.5950
28.7400 3633.8325
28.7500 3636.6150
28.7600 3367.6275
28.7700 3428.9300
28.7800 3472.6225
28.7900 3614.2600
28.8000 3597.0100
28.8100 3596.6675
28.8200 3658.8675
28.8300 3529.0975
28.8400 3421.9825
28.8500 3446.1625
28.8600 3463.0125
28.8700 3270.5350
28.8800 3273.2000
28.8900 3332.1100
28.9000 3398.6175
28.9100 3360.8450
28.9200 3190.3875
28.9300 3229.0550
28.9400 3282.1500
28.9500 3172.5550
28.9600 3098.3475
28.9700 3002.2500
28.9800 3139.9450
28.9900 3136.8275
29.0000 2915.5200
29.0100 2923.0050
29.0200 3105.3200
29.0300 3200.9600
29.0400 3109.1600
29.0500 3184.5750
29.0600 3053.6225
29.0700 3040.2675
29.0800 3056.2125
29.0900 3053.4250
29.1000 3014.4525
29.1100 3000.3775
29.1200 3012.9500
29.1300 3029.5150
29.1400 2897.3500
29.1500 2915.9725
29.1600 2952.2300
29.1700 3008.2725
29.1800 3068.1500
29.1900 3005.4125
29.2000 2971.0525
29.2100 3089.3975
29.2200 3070.7525
29.2300 2982.9375
29.2400 2954.2125
29.2500 2950.1100
29.2600 2914.5700
29.2700 2993.8275
29.2800 2964.4800
29.2900 2934.3775
29.3000 2894.7400
29.3100 2886.9025
29.3200 3018.4300
29.3300 3013.6950
29.3400 3003.7000
29.3500 2913.4500
29.3600 2881.1200
29.3700 2880.0000
29.3800 3037.1200
29.3900 3113.8500
29.4000 3001.3175
29.4100 3063.9275
29.4200 3025.0450
29.4300 2988.1275
29.4400 3047.4550
29.4500 3120.3600
29.4600 3024.2275
29.4700 2984.8475
29.4800 3127.0875
29.4900 3091.8200
29.5000 3048.5025
29.5100 3084.9575
29.5200 2955.8850
29.5300 2889.4175
29.5400 2937.6650
29.5500 2904.9525
29.5600 2951.1075
29.5700 2994.7225
29.5800 2869.3625
29.5900 2911.0550
29.6000 2941.9550
29.6100 2882.9325
29.6200 3054.7775
29.6300 2914.0350
29.6400 2947.9475
29.6500 2950.0000
29.6600 2851.6375
29.6700 2878.3850
29.6800 2924.3875
29.6900 2869.6175
29.7000 2796.9675
29.7100 2612.8150
29.7200 2780.6175
29.7300 2850.1275
29.7400 2783.7375
29.7500 2836.9200
29.7600 2792.5850
29.7700 2745.7625
29.7800 2787.5550
29.7900 2827.8900
29.8000 2826.8450
29.8100 2886.6125
29.8200 2886.8450
29.8300 2725.8825
29.8400 2763.9375
29.8500 2772.9675
29.8600 2653.6700
29.8700 2599.4500
29.8800 2744.5600
29.8900 2706.1525
29.9000 2769.3625
29.9100 2760.7600
29.9200 2690.8800
29.9300 2711.7925
29.9400 2685.0775
29.9500 2730.4075
29.9600 2651.7700
29.9700 2624.7150
29.9800 2745.5850
29.9900 2769.0000
30.0000 2807.5875
30.0100 2844.4425
30.0200 2774.6800
30.0300 2738.7125
30.0400 2877.4050
30.0500 2777.2450
30.0600 2770.0000
30.0700 2673.1575
30.0800 2563.6175
30.0900 2812.6325
30.1000 2948.5725
30.1100 2869.3300
30.1200 2704.3175
30.1300 2727.6175
30.1400 2758.0400
30.1500 2725.7425
30.1600 2776.2575
30.1700 2761.3275
30.1800 2632.4575
30.1900 2595.3475
30.2000 2630.6350
30.2100 2642.6550
30.2200 2615.3800
30.2300 2619.5425
30.2400 2570.3425
30.2500 2638.0225
30.2600 2646.4350
30.2700 2550.5650
30.2800 2571.2225
30.2900 2548.5525
30.3000 2537.3775
30.3100 2484.0475
30.3200 2461.4350
30.3300 2429.0700
30.3400 2534.8750
30.3500 2493.8850
30.3600 2573.4100
30.3700 2499.7100
30.3800 2385.2925
30.3900 2426.0375
30.4000 2414.5775
30.4100 2367.0825
30.4200 2446.5500
30.4300 2327.0150
30.4400 2325.9050
30.4500 2412.8675
30.4600 2389.2275
30.4700 2389.7425
30.4800 2230.1000
30.4900 2354.9875
30.5000 2421.9725
30.5100 2346.8100
30.5200 2287.8050
30.5300 2274.1250
30.5400 2251.8575
30.5500 2311.3325
30.5600 2286.0125
30.5700 2188.3400
30.5800 2198.3775
30.5900 2141.8250
30.6000 2103.0000
30.6100 2152.0125
30.6200 2187.2500
30.6300 2211.4000
30.6400 2259.1725
30.6500 2238.8950
30.6600 2114.5250
30.6700 2118.5950
30.6800 2129.1525
30.6900 2200.1500
30.7000 2148.7400
30.7100 2073.2375
30.7200 2173.2900
30.7300 2165.0625
30.7400 2157.2450
30.7500 2184.0525
30.7600 2147.1250
30.7700 2161.5750
30.7800 2135.9800
30.7900 2081.6850
30.8000 2061.4825
30.8100 2044.8225
30.8200 2031.1950
30.8300 2087.6325
30.8400 2075.1400
30.8500 1979.3725
30.8600 1966.9700
30.8700 2021.1800
30.8800 2050.8850
30.8900 2029.1225
30.9000 1957.0900
30.9100 2022.5725
30.9200 1999.7725
30.9300 2005.7300
30.9400 2076.1325
30.9500 2116.5425
30.9600 1984.1950
30.9700 1936.8150
30.9800 2032.8450
30.9900 2136.7775
31.0000 2092.4300
31.0100 2047.5100
31.0200 2001.1825
31.0300 1906.3800
31.0400 1914.7175
31.0500 1988.8400
31.0600 2047.7700
31.0700 2038.3100
31.0800 2093.7350
31.0900 2121.0175
31.1000 1994.2775
31.1100 2025.0025
31.1200 2018.0050
31.1300 2058.6350
31.1400 2030.3725
31.1500 1981.7350
31.1600 1913.7900
31.1700 1936.5975
31.1800 2071.6400
31.1900 2071.7125
31.2000 2001.2425
31.2100 1954.4850
31.2200 1985.8450
31.2300 2013.8875
31.2400 1983.8350
31.2500 1965.0825
31.2600 2005.0850
31.2700 1932.4900
31.2800 1884.5925
31.2900 1894.8950
31.3000 1985.9950
31.3100 1898.4450
31.3200 1916.4200
31.3300 2047.8850
31.3400 2081.1700
31.3500 1925.8325
31.3600 1909.6375
31.3700 1764.5025
31.3800 1903.9775
31.3900 2047.9450
31.4000 1998.0850
31.4100 2031.5050
31.4200 1944.8000
31.4300 1918.5225
31.4400 2008.4600
31.4500 2040.7200
31.4600 2016.7050
31.4700 2031.0775
31.4800 1971.2500
31.4900 1981.0650
31.5000 1838.5875
31.5100 1905.6300
31.5200 1952.0850
31.5300 1989.1225
31.5400 1907.8050
31.5500 1958.5775
31.5600 1937.1975
31.5700 1927.4425
31.5800 1847.1650
31.5900 1854.3275
31.6000 1971.4125
31.6100 2016.0775
31.6200 1928.8650
31.6300 1910.7900
31.6400 2024.5625
31.6500 2010.6375
31.6600 1933.2875
31.6700 1935.0700
31.6800 1971.8600
31.6900 1962.0075
31.7000 1927.7650
31.7100 1902.8275
31.7200 1873.6475
31.7300 1946.1000
31.7400 1988.8500
31.7500 1984.5600
31.7600 2027.1825
31.7700 2065.4775
31.7800 2020.3425
31.7900 1978.2950
31.8000 1923.7175
31.8100 1945.8425
31.8200 2031.6550
31.8300 2011.2675
31.8400 1997.9250
31.8500 2017.0550
31.8600 2028.7350
31.8700 2067.8350
31.8800 2035.5125
31.8900 2021.2750
31.9000 1996.7450
31.9100 1981.7100
31.9200 2000.3325
31.9300 1948.1700
31.9400 2003.8475
31.9500 2019.1350
31.9600 2005.5000
31.9700 2064.2050
31.9800 1966.1250
31.9900 2080.3350
32.0000 2082.6300
32.0100 2074.2125
32.0200 1998.1200
32.0300 1902.8100
32.0400 1950.7000
32.0500 1983.1150
32.0600 1943.3450
32.0700 1899.1375
32.0800 1962.5925
32.0900 1979.1025
32.1000 1965.5825
32.1100 1894.1600
32.1200 1840.1175
32.1300 1876.5325
32.1400 1880.4550
32.1500 1854.1025
32.1600 1821.2350
32.1700 1948.9275
32.1800 1929.7625
32.1900 1825.6550
32.2000 1830.1025
32.2100 1882.1325
32.2200 1826.8725
32.2300 1888.3725
32.2400 1848.3925
32.2500 1834.2675
32.2600 1784.6325
32.2700 1885.4825
32.2800 1868.9850
32.2900 1768.9125
32.3000 1813.3950
32.3100 1934.8300
32.3200 1921.8975
32.3300 1850.9650
32.3400 1859.9875
32.3500 1823.3750
32.3600 1859.4625
32.3700 1841.0000
32.3800 1799.6075
32.3900 1781.9350
32.4000 1859.7550
32.4100 1756.5975
32.4200 1799.2800
32.4300 1872.5875
32.4400 1826.4600
32.4500 1842.2500
32.4600 1843.8250
32.4700 1780.8475
32.4800 1752.9650
32.4900 1857.8400
32.5000 1822.7675
32.5100 1804.8275
32.5200 1817.5050
32.5300 1769.0025
32.5400 1754.3350
32.5500 1773.1500
32.5600 1765.3475
32.5700 1808.5900
32.5800 1805.3575
32.5900 1817.4650
32.6000 1738.0725
32.6100 1768.5175
32.6200 1807.7175
32.6300 1835.9075
32.6400 1690.5150
32.6500 1677.4300
32.6600 1682.8175
32.6700 1728.4050
32.6800 1728.2200
32.6900 1673.1875
32.7000 1711.1625
32.7100 1748.1225
32.7200 1773.0125
32.7300 1723.2775
32.7400 1693.6725
32.7500 1639.4625
32.7600 1655.2600
32.7700 1713.3025
32.7800 1720.5300
32.7900 1762.0450
32.8000 1683.1400
32.8100 1649.8625
32.8200 1683.0625
32.8300 1712.3875
32.8400 1719.4650
32.8500 1689.2425
32.8600 1610.6650
32.8700 1616.2225
32.8800 1653.5125
32.8900 1565.0900
32.9000 1560.6175
32.9100 1658.1650
32.9200 1632.0575
32.9300 1573.1700
32.9400 1574.4750
32.9500 1629.5725
32.9600 1603.8150
32.9700 1571.6275
32.9800 1541.6375
32.9900 1581.1450
33.0000 1576.1050
33.0100 1628.8850
33.0200 1687.2000
33.0300 1635.6100
33.0400 1590.0425
33.0500 1555.6025
33.0600 1580.4900
33.0700 1625.4575
33.0800 1602.8675
33.0900 1582.8250
33.1000 1618.7425
33.1100 1637.7300
33.1200 1620.6450
33.1300 1713.4000
33.1400 1669.7925
33.1500 1656.6675
33.1600 1623.5425
33.1700 1503.5400
33.1800 1571.0150
33.1900 1669.9500
33.2000 1628.7975
33.2100 1589.1200
33.2200 1566.8125
33.2300 1610.1225
33.2400 1611.7475
33.2500 1695.2500
33.2600 1567.6450
33.2700 1509.1900
33.2800 1607.7025
33.2900 1630.0000
33.3000 1627.2550
33.3100 1601.9800
33.3200 1613.1175
33.3300 1611.1850
33.3400 1555.2075
33.3500 1573.4575
33.3600 1569.0500
33.3700 1610.4450
33.3800 1647.3500
33.3900 1623.2600
33.4000 1665.8575
33.4100 1570.1325
33.4200 1538.4750
33.4300 1577.6075
33.4400 1605.7650
33.4500 1569.0950
33.4600 1617.2450
33.4700 1597.3025
33.4800 1584.5525
33.4900 1580.6100
33.5000 1541.9025
33.5100 1514.2925
33.5200 1583.4150
33.5300 1567.3850
33.5400 1581.7350
33.5500 1608.3925
33.5600 1550.9000
33.5700 1566.5125
33.5800 1565.1975
33.5900 1530.8000
33.6000 1528.7525
33.6100 1570.6325
33.6200 1504.1875
33.6300 1505.6125
33.6400 1539.7575
33.6500 1516.9200
33.6600 1547.8425
33.6700 1545.8600
33.6800 1581.1450
33.6900 1525.2075
33.7000 1434.4425
33.7100 1467.9175
33.7200 1496.1775
33.7300 1402.9775
33.7400 1514.6975
33.7500 1476.6525
33.7600 1395.4000
33.7700 1441.8825
33.7800 1515.8325
33.7900 1503.1175
33.8000 1432.1750
33.8100 1395.1800
33.8200 1411.4800
33.8300 1489.1275
33.8400 1458.3800
33.8500 1425.2150
33.8600 1441.4425
33.8700 1500.2500
33.8800 1505.3000
33.8900 1414.9950
33.9000 1420.0900
33.9100 1359.8000
33.9200 1391.4575
33.9300 1435.4025
33.9400 1424.6350
33.9500 1395.9700
33.9600 1373.9850
33.9700 1370.0000
33.9800 1431.3350
33.9900 1436.0050
34.0000 1396.0300
34.0100 1415.9625
34.0200 1375.4150
34.0300 1416.5550
34.0400 1395.4200
34.0500 1399.9600
34.0600 1374.1000
34.0700 1427.7675
34.0800 1435.3675
34.0900 1433.3325
34.1000 1398.8425
34.1100 1458.9525
34.1200 1558.8450
34.1300 1505.8075
34.1400 1433.6950
34.1500 1427.9425
34.1600 1379.7200
34.1700 1416.9275
34.1800 1472.3050
34.1900 1475.4050
34.2000 1452.1975
34.2100 1401.7750
34.2200 1376.8025
34.2300 1360.1400
34.2400 1296.0075
34.2500 1377.5400
34.2600 1440.2250
34.2700 1436.8300
34.2800 1338.5500
34.2900 1400.1800
34.3000 1375.9825
34.3100 1326.5200
34.3200 1358.7200
34.3300 1414.6625
34.3400 1450.3025
34.3500 1517.0425
34.3600 1504.4700
34.3700 1376.0200
34.3800 1322.3600
34.3900 1384.8000
34.4000 1405.9525
34.4100 1380.4850
34.4200 1375.9500
34.4300 1431.6025
34.4400 1399.5975
34.4500 1412.8050
34.4600 1420.0000
34.4700 1477.4550
34.4800 1462.0075
34.4900 1411.5850
34.5000 1366.0925
34.5100 1330.5950
34.5200 1385.8750
34.5300 1364.2600
34.5400 1397.5975
34.5500 1396.9875
34.5600 1382.9275
34.5700 1432.0075
34.5800 1431.0700
34.5900 1395.4900
34.6000 1461.9800
34.6100 1480.7375
34.6200 1467.0250
34.6300 1478.8950
34.6400 1444.4450
34.6500 1492.9375
34.6600 1522.9525
34.6700 1467.1150
34.6800 1486.2325
34.6900 1460.4500
34.7000 1543.0925
34.7100 1588.0925
34.7200 1557.1625
34.7300 1497.5975
34.7400 1496.2400
34.7500 1456.1350
34.7600 1466.5450
34.7700 1483.6450
34.7800 1502.1275
34.7900 1537.5775
34.8000 1600.7375
34.8100 1529.1625
34.8200 1518.7675
34.8300 1590.1900
34.8400 1548.3125
34.8500 1481.1850
34.8600 1533.4375
34.8700 1519.9625
34.8800 1507.4350
34.8900 1611.8225
34.9000 1515.1500
34.9100 1463.8550
34.9200 1429.2625
34.9300 1484.0100
34.9400 1482.8600
34.9500 1499.6900
34.9600 1496.4375
34.9700 1442.2150
34.9800 1383.2350
34.9900 1362.3400
35.0000 1421.2625
35.0100 1442.5525
35.0200 1440.7825
35.0300 1498.6350
35.0400 1618.5950
35.0500 1593.9650
35.0600 1479.9200
35.0700 1511.0775
35.0800 1494.3875
35.0900 1480.7900
35.1000 1467.2925
35.1100 1524.3050
35.1200 1571.2675
35.1300 1475.9300
35.1400 1415.4250
35.1500 1426.9550
35.1600 1425.7275
35.1700 1400.5275
35.1800 1408.5300
35.1900 1441.1825
35.2000 1424.6950
35.2100 1444.4900
35.2200 1410.3500
35.2300 1404.2475
35.2400 1472.3475
35.2500 1425.1550
35.2600 1388.1900
35.2700 1378.2875
35.2800 1386.7550
35.2900 1402.6025
35.3000 1383.9900
35.3100 1369.1100
35.3200 1326.3875
35.3300 1343.5300
35.3400 1391.0625
35.3500 1400.8200
35.3600 1342.2000
35.3700 1348.4525
35.3800 1381.7750
35.3900 1400.0400
35.4000 1461.0325
35.4100 1397.2500
35.4200 1354.9600
35.4300 1365.0325
35.4400 1425.0950
35.4500 1420.8050
35.4600 1355.7850
35.4700 1331.6650
35.4800 1315.0000
35.4900 1362.4750
35.5000 1397.4850
35.5100 1343.4125
35.5200 1370.7500
35.5300 1369.2050
35.5400 1310.9725
35.5500 1333.2100
35.5600 1384.0350
35.5700 1331.9225
35.5800 1324.9350
35.5900 1374.7850
35.6000 1310.4200
35.6100 1295.7625
35.6200 1282.6075
35.6300 1264.2475
35.6400 1245.1050
35.6500 1284.6675
35.6600 1319.8425
35.6700 1366.3350
35.6800 1451.8675
35.6900 1407.3075
35.7000 1353.6200
35.7100 1323.5325
35.7200 1239.9750
35.7300 1210.8600
35.7400 1244.6050
35.7500 1311.0200
35.7600 1352.2250
35.7700 1308.1625
35.7800 1225.8475
35.7900 1257.5925
35.8000 1284.0625
35.8100 1301.4525
35.8200 1333.7600
35.8300 1276.8600
35.8400 1268.1000
35.8500 1283.1725
35.8600 1252.2425
35.8700 1298.9850
35.8800 1322.4575
35.8900 1281.5900
35.9000 1256.8500
35.9100 1236.1600
35.9200 1256.9750
35.9300 1264.2150
35.9400 1202.0800
35.9500 1265.7175
35.9600 1338.2825
35.9700 1275.0300
35.9800 1249.1125
35.9900 1223.1075
36.0000 1196.2275
36.0100 1202.2125
36.0200 1253.0575
36.0300 1243.1550
36.0400 1223.5750
36.0500 1202.9325
36.0600 1235.6625
36.0700 1211.0200
36.0800 1238.0650
36.0900 1243.5975
36.1000 1201.0725
36.1100 1230.4425
36.1200 1283.1300
36.1300 1226.2025
36.1400 1163.5675
36.1500 1171.8500
36.1600 1146.0275
36.1700 1172.1425
36.1800 1193.9400
36.1900 1235.4425
36.2000 1170.0625
36.2100 1169.0550
36.2200 1180.0000
36.2300 1180.0000
36.2400 1163.0725
36.2500 1154.2500
36.2600 1136.4225
36.2700 1161.3925
36.2800 1151.6100
36.2900 1155.3975
36.3000 1205.8225
36.3100 1228.1550
36.3200 1246.8675
36.3300 1234.0650
36.3400 1183.3325
36.3500 1188.3250
36.3600 1182.2350
36.3700 1229.5600
36.3800 1233.1775
36.3900 1154.6025
36.4000 1179.4900
36.4100 1171.2000
36.4200 1203.1825
36.4300 1184.0300
36.4400 1162.8100
36.4500 1198.3325
36.4600 1196.5700
36.4700 1252.2375
36.4800 1200.1025
36.4900 1136.5175
36.5000 1111.3800
36.5100 1125.7825
36.5200 1178.7125
36.5300 1194.2800
36.5400 1217.1975
36.5500 1226.6675
36.5600 1157.5250
36.5700 1160.9800
36.5800 1223.3575
36.5900 1260.0000
36.6000 1214.3075
36.6100 1162.4075
36.6200 1237.9825
36.6300 1223.4200
36.6400 1234.2200
36.6500 1249.0425
36.6600 1238.1325
36.6700 1214.3525
36.6800 1187.6950
36.6900 1198.9650
36.7000 1199.5575
36.7100 1182.4550
36.7200 1164.8300
36.7300 1169.4650
36.7400 1206.4475
36.7500 1215.2725
36.7600 1189.7000
36.7700 1170.5500
36.7800 1192.6400
36.7900 1144.3300
36.8000 1053.9475
36.8100 1043.1725
36.8200 1108.9250
36.8300 1123.9100
36.8400 1127.0650
36.8500 1219.4450
36.8600 1223.7275
36.8700 1170.0200
36.8800 1155.6850
36.8900 1224.8075
36.9000 1204.0125
36.9100 1204.4625
36.9200 1187.5200
36.9300 1169.6300
36.9400 1213.5550
36.9500 1186.4650
36.9600 1206.4875
36.9700 1216.3100
36.9800 1131.4225
36.9900 1124.7375
37.0000 1209.1525
37.0100 1225.9775
37.0200 1161.5950
37.0300 1131.9975
37.0400 1202.3575
37.0500 1221.6675
37.0600 1163.0300
37.0700 1149.3250
37.0800 1178.9625
37.0900 1224.9350
37.1000 1202.7525
37.1100 1156.4175
37.1200 1101.4675
37.1300 1183.3000
37.1400 1242.9325
37.1500 1189.6075
37.1600 1147.0825
37.1700 1130.7175
37.1800 1186.9775
37.1900 1217.9700
37.2000 1192.1900
37.2100 1175.3675
37.2200 1238.1675
37.2300 1264.3525
37.2400 1212.4375
37.2500 1139.1250
37.2600 1199.8775
37.2700 1241.2875
37.2800 1273.3550
37.2900 1189.7150
37.3000 1165.1250
37.3100 1166.4150
37.3200 1211.7450
37.3300 1178.0300
37.3400 1139.5150
37.3500 1163.2625
37.3600 1190.4750
37.3700 1219.6675
37.3800 1190.9150
37.3900 1154.9475
37.4000 1137.4775
37.4100 1137.9250
37.4200 1149.1800
37.4300 1107.4525
37.4400 1130.2350
37.4500 1166.0450
37.4600 1177.9150
37.4700 1205.1900
37.4800 1225.8225
37.4900 1188.8175
37.5000 1144.8450
37.5100 1151.6200
37.5200 1205.6975
37.5300 1199.2600
37.5400 1182.1000
37.5500 1168.5900
37.5600 1183.8600
37.5700 1159.1350
37.5800 1097.7575
37.5900 1117.6675
37.6000 1245.9525
37.6100 1260.2550
37.6200 1197.8375
37.6300 1201.6775
37.6400 1149.6975
37.6500 1088.1950
37.6600 1116.4775
37.6700 1145.7450
37.6800 1118.2375
37.6900 1141.8850
37.7000 1187.2000
37.7100 1143.3575
37.7200 1139.3125
37.7300 1165.8450
37.7400 1211.7975
37.7500 1189.2900
37.7600 1201.6500
37.7700 1180.5125
37.7800 1133.9725
37.7900 1126.7725
37.8000 1139.0275
37.8100 1163.6350
37.8200 1139.5150
37.8300 1136.8550
37.8400 1134.3225
37.8500 1141.2575
37.8600 1146.6675
37.8700 1187.1600
37.8800 1154.9500
37.8900 1116.5150
37.9000 1098.7675
37.9100 1122.5250
37.9200 1098.5075
37.9300 1066.5375
37.9400 1118.3075
37.9500 1164.6000
37.9600 1186.7775
37.9700 1191.0925
37.9800 1134.0350
37.9900 1104.4300
38.0000 1123.4625
38.0100 1148.9825
38.0200 1161.1350
38.0300 1185.6700
38.0400 1149.7825
38.0500 1157.9100
38.0600 1193.4100
38.0700 1143.1325
38.0800 1186.8800
38.0900 1214.4225
38.1000 1181.0525
38.1100 1148.8600
38.1200 1142.2250
38.1300 1129.9900
38.1400 1172.2325
38.1500 1198.8875
38.1600 1188.8975
38.1700 1107.8625
38.1800 1107.7200
38.1900 1133.3200
38.2000 1116.7150
38.2100 1148.7675
38.2200 1218.7250
38.2300 1207.9125
38.2400 1181.1475
38.2500 1216.4800
38.2600 1201.2925
38.2700 1174.4950
38.2800 1178.8350
38.2900 1081.7700
38.3000 1100.6225
38.3100 1185.1975
38.3200 1168.1050
38.3300 1100.3825
38.3400 1083.2750
38.3500 1093.2725
38.3600 1147.2900
38.3700 1160.1325
38.3800 1166.5275
38.3900 1142.5600
38.4000 1124.4700
38.4100 1156.2750
38.4200 1171.1375
38.4300 1156.8350
38.4400 1174.1250
38.4500 1136.2450
38.4600 1096.8525
38.4700 1048.3850
38.4800 1070.4525
38.4900 1123.9700
38.5000 1135.6250
38.5100 1135.5200
38.5200 1162.8925
38.5300 1150.4525
38.5400 1132.3000
38.5500 1156.1900
38.5600 1152.5475
38.5700 1171.6800
38.5800 1147.4350
38.5900 1131.0250
38.6000 1068.0025
38.6100 1109.5175
38.6200 1180.4600
38.6300 1131.4250
38.6400 1087.9725
38.6500 1113.7525
38.6600 1138.6875
38.6700 1156.3575
38.6800 1189.3725
38.6900 1203.3325
38.7000 1185.9900
38.7100 1200.5050
38.7200 1187.3400
38.7300 1123.5350
38.7400 1146.4425
38.7500 1143.0500
38.7600 1169.9100
38.7700 1173.8825
38.7800 1137.4100
38.7900 1162.2025
38.8000 1118.5825
38.8100 1107.0650
38.8200 1137.2525
38.8300 1181.1550
38.8400 1176.3000
38.8500 1154.7200
38.8600 1158.6100
38.8700 1182.6975
38.8800 1253.5525
38.8900 1269.4675
38.9000 1204.1300
38.9100 1128.2275
38.9200 1176.3275
38.9300 1220.9575
38.9400 1206.1725
38.9500 1226.6825
38.9600 1215.4725
38.9700 1163.5850
38.9800 1158.3225
38.9900 1179.5075
39.0000 1203.7800
39.0100 1204.7800
39.0200 1167.9400
39.0300 1199.1375
39.0400 1203.1775
39.0500 1153.7125
39.0600 1118.3975
39.0700 1188.9075
39.0800 1241.8600
39.0900 1210.4450
39.1000 1160.1825
39.1100 1111.4000
39.1200 1114.6125
39.1300 1156.4450
39.1400 1186.0900
39.1500 1176.3325
39.1600 1234.6375
39.1700 1241.4850
39.1800 1159.6650
39.1900 1161.5175
39.2000 1166.3700
39.2100 1192.6975
39.2200 1226.0450
39.2300 1182.5125
39.2400 1106.7675
39.2500 1058.8425
39.2600 1055.1250
39.2700 1085.3650
39.2800 1129.5800
39.2900 1125.5475
39.3000 1119.6650
39.3100 1150.7650
39.3200 1170.8850
39.3300 1223.9300
39.3400 1188.0100
39.3500 1128.9375
39.3600 1097.7175
39.3700 1116.1275
39.3800 1145.9550
39.3900 1140.7175
39.4000 1135.4350
39.4100 1140.8675
39.4200 1164.3300
39.4300 1140.9875
39.4400 1082.2375
39.4500 1049.5150
39.4600 1053.8125
39.4700 1122.8550
39.4800 1187.2250
39.4900 1174.0275
39.5000 1142.0200
39.5100 1114.5100
39.5200 1143.0525
39.5300 1154.1300
39.5400 1163.3750
39.5500 1210.9125
39.5600 1199.9450
39.5700 1127.8525
39.5800 1146.7050
39.5900 1143.3225
39.6000 1164.9950
39.6100 1144.1925
39.6200 1149.9675
39.6300 1170.0000
39.6400 1132.5700
39.6500 1174.4350
39.6600 1200.8675
39.6700 1180.8725
39.6800 1183.7125
39.6900 1181.7000
39.7000 1126.8925
39.7100 1065.5725
39.7200 1057.0275
39.7300 1127.5400
39.7400 1208.0725
39.7500 1212.6400
39.7600 1183.4525
39.7700 1183.6700
39.7800 1183.8000
39.7900 1182.0650
39.8000 1164.7500
39.8100 1124.4400
39.8200 1129.3600
39.8300 1170.1400
39.8400 1180.4825
39.8500 1186.9675
39.8600 1197.4525
39.8700 1183.5325
39.8800 1123.9525
39.8900 1109.7850
39.9000 1115.8875
39.9100 1148.2650
39.9200 1204.9150
39.9300 1193.8200
39.9400 1167.1775
39.9500 1130.5150
39.9600 1132.5525
39.9700 1126.1725
39.9800 1133.8175
39.9900 1128.2375
40.0000 1116.6675
