3.52786 100.000
3.55344 96.550
4.86579 0.719
5.14641 0.411
7.05906 14.137
7.11030 13.968
7.72493 0.056
7.76011 0.161
8.08112 0.125
8.11476 0.036
9.74038 0.095
10.59700 2.381
10.67403 2.624
10.98909 0.012
11.05519 0.485
11.36802 0.526
11.43196 0.045
12.43608 0.068
12.47271 0.093
13.10087 0.012
13.13567 0.012
14.14509 0.953
14.24815 1.114
14.39331 0.022
14.48833 0.061
14.63272 0.002
14.78221 0.125
14.87480 0.008
15.48524 0.001
15.55609 0.031
16.20278 0.032
17.26522 0.035
17.30244 0.151
17.70688 0.077
17.83627 0.144
17.86707 0.012
17.99024 0.143
18.22924 0.063
18.26192 0.182
18.26456 0.008
18.38253 0.066
18.72476 0.019
19.47316 0.005
19.55204 0.158
19.57243 0.013
20.19432 0.005
20.26742 0.071
20.69097 0.027
21.23283 0.038
21.28600 0.029
21.30251 0.010
21.44211 0.079
21.53796 0.035
21.58026 0.072
21.77158 0.073
21.78620 0.040
21.85253 0.034
21.89459 0.398
21.93469 0.006
21.98354 0.486
22.05073 0.480
22.07420 0.002
22.08090 0.001
22.15946 0.054
22.19713 0.066
22.21499 0.004
22.21875 0.397
22.32471 2.095
22.54310 0.104
22.69129 0.046
22.77240 0.126
22.78167 0.273
22.84989 0.014
22.86753 0.015
22.89141 0.092
22.95162 0.008
23.01356 0.216
23.14638 0.003
23.21815 1.508
23.31029 0.387
23.31782 0.011
23.42374 0.020
23.42534 0.037
23.45948 0.026
23.56707 0.004
23.73311 0.123
23.84141 0.138
24.03777 0.236
24.04039 0.082
24.15554 0.040
24.17925 0.001
24.19915 0.293
24.23833 0.048
24.31608 0.072
24.40739 0.025
24.42098 0.016
24.50805 0.055
24.51041 0.020
24.57534 0.002
24.60703 0.894
24.75640 0.022
24.78879 0.329
24.85038 0.017
24.88626 0.016
24.94430 0.006
25.02173 0.016
25.03098 0.050
25.06957 0.043
25.08707 0.174
25.09632 0.010
25.12349 0.005
25.24289 0.045
25.34769 0.002
25.56623 0.138
25.59118 0.107
25.65773 0.414
25.68300 0.005
25.74686 0.261
25.82481 0.048
25.94449 0.065
25.95661 0.041
25.96834 0.002
26.01783 0.024
26.05495 0.110
26.09810 0.003
26.30303 0.016
26.31310 0.005
26.34995 0.079
26.37700 0.007
26.38723 0.131
26.39442 0.011
26.41831 0.389
26.44803 0.004
26.46301 0.002
26.56419 0.012
26.57758 0.007
26.68378 0.042
26.71847 0.019
26.76221 0.029
26.77645 0.072
26.86054 0.088
26.98267 0.338
27.02754 0.002
27.11086 0.024
27.14896 0.029
27.34486 0.039
27.50158 0.021
27.52342 0.037
27.58002 0.031
27.70485 0.011
27.71337 0.048
27.83182 0.347
27.84046 0.016
27.95406 0.005
27.96771 0.029
28.03142 0.070
28.07522 0.012
28.07836 0.034
28.13434 0.001
28.15437 0.056
28.15569 0.074
28.24764 0.002
28.40964 0.002
28.51166 0.022
28.53722 0.022
28.55092 0.012
28.57831 0.077
28.63350 0.020
28.63749 0.022
28.68106 0.062
28.70539 0.263
28.71725 0.019
28.72276 0.041
28.74486 0.002
28.79419 0.016
28.80315 0.095
28.85525 0.005
28.92039 0.002
28.94463 0.008
28.98303 0.062
29.01992 0.015
29.02020 0.004
29.14961 0.012
29.16462 0.016
29.21498 0.009
29.42200 0.001
29.46705 0.009
29.51110 0.014
29.53773 0.008
29.56292 0.013
29.69127 0.020
29.81785 0.018
29.88278 0.006
29.93869 0.004
29.94035 0.018
30.00792 0.014
30.01457 0.031
30.06759 0.021
30.11398 0.013
30.13715 0.030
30.14341 0.004
30.22258 0.254
30.40112 0.019
30.44692 0.021
30.48233 0.001
30.55133 0.041
30.58092 0.027
30.58642 0.011
30.68473 0.003
30.76549 0.044
30.82997 0.003
30.89451 0.023
30.93823 0.004
31.00580 0.018
31.02209 0.008
31.06803 0.013
31.09766 0.003
31.12085 0.022
31.12969 0.097
31.24521 0.002
31.25414 0.015
31.26269 0.001
31.26547 0.032
31.39155 0.032
31.47220 0.069
31.59059 0.022
31.61372 0.056
31.65339 0.002
31.68598 0.005
31.68660 0.019
31.84553 0.005
31.87203 0.030
32.11537 0.002
32.12311 0.004
32.16172 0.025
32.16639 0.014
32.16646 0.010
32.20600 0.003
32.39926 0.015
32.40300 0.002
32.40602 0.017
32.42945 0.006
32.46100 0.003
32.57780 0.003
32.57801 0.012
32.58764 0.081
32.80301 0.005
32.80473 0.005
32.81197 0.008
32.86136 0.226
32.94391 0.008
33.05703 0.023
33.06990 0.004
33.07183 0.005
33.10770 0.014
33.17074 0.011
33.18689 0.031
33.24297 0.017
33.27040 0.008
33.31537 0.001
33.35881 0.004
33.38713 0.014
33.38748 0.010
33.47628 0.002
33.56578 0.002
33.59326 0.008
33.60788 0.009
33.61558 0.019
33.70265 0.100
33.70447 0.102
33.81153 0.017
33.83854 0.012
33.87828 0.004
33.90902 0.008
33.96583 0.015
34.00823 0.014
34.03437 0.032
34.04493 0.008
34.25326 0.004
34.37672 0.003
34.41236 0.013
34.50969 0.020
34.57239 0.018
34.59580 0.030
34.64851 0.037
34.69277 0.009
34.70364 0.031
34.77010 0.021
34.81170 0.007
34.85916 0.007
34.93876 0.013
34.97626 0.014
35.01592 0.010
35.04360 0.002
35.08676 0.003
35.17423 0.002
35.28640 0.027
35.50448 0.002
35.67161 0.003
35.68538 0.010
35.70326 0.130
35.73528 0.012
35.83422 0.007
35.85520 0.004
35.93168 0.002
36.01968 0.007
36.09349 0.006
36.09850 0.015
36.10050 0.003
36.12402 0.006
36.18805 0.001
36.18810 0.035
36.24339 0.040
36.25041 0.013
36.26801 0.001
36.41239 0.016
36.42485 0.017
36.44412 0.005
36.47970 0.046
36.48448 0.034
36.51406 0.004
36.53644 0.013
36.56248 0.007
36.58810 0.008
36.63357 0.016
36.71234 0.002
36.74130 0.011
36.74596 0.007
36.87120 0.022
36.87541 0.010
36.90736 0.011
36.94145 0.001
36.96986 0.025
37.00949 0.005
37.01499 0.014
37.11203 0.003
37.14608 0.008
37.16978 0.015
37.19437 0.003
37.20466 0.044
37.24383 0.002
37.26070 0.004
37.43702 0.018
37.44152 0.003
37.65904 0.001
37.75846 0.008
37.83937 0.009
37.87489 0.004
37.92353 0.013
37.92421 0.045
38.03904 0.024
38.06791 0.002
38.15416 0.019
38.19525 0.005
38.34614 0.014
38.46048 0.002
38.46120 0.041
38.69762 0.002
38.70480 0.004
38.71474 0.047
38.74045 0.016
38.75575 0.003
38.88478 0.052
38.95509 0.001
39.00408 0.002
39.07050 0.004
39.11628 0.003
39.12589 0.020
39.16464 0.004
39.20631 0.042
39.31878 0.020
39.36508 0.005
39.38846 0.012
39.40195 0.008
39.41683 0.001
39.42859 0.017
39.45413 0.029
39.51494 0.012
39.54426 0.007
39.55151 0.051
39.58277 0.004
39.70429 0.006
39.71565 0.003
39.74703 0.001
39.76428 0.002
39.81314 0.003
39.82790 0.009
39.84108 0.007
39.85078 0.004
39.87180 0.015
39.88181 0.004
39.89932 0.008
39.96547 0.015
40.02521 0.050
40.02598 0.006
40.10375 0.008
40.13639 0.010
40.13836 0.009
40.16881 0.011
40.18041 0.002
40.18604 0.015
40.21390 0.006
40.25277 0.010
40.25970 0.003
40.49579 0.017
40.68427 0.004
40.71500 0.008
40.76750 0.014
40.78374 0.003
40.78785 0.026
40.83166 0.008
40.83888 0.007
40.86339 0.003
40.96698 0.003
41.05243 0.012
41.08219 0.011
41.09775 0.008
41.16155 0.005
41.17439 0.014
41.20614 0.028
41.25226 0.001
41.25772 0.047
41.40644 0.006
41.43707 0.002
41.45761 0.003
41.46622 0.005
41.62823 0.011
41.70101 0.014
41.71610 0.001
41.76425 0.029
41.86351 0.002
41.87151 0.034
41.90936 0.011
41.98998 0.013
42.01992 0.027
42.09802 0.002
42.10290 0.049
42.10346 0.004
42.25364 0.009
42.27377 0.003
42.35068 0.002
42.36678 0.004
42.36763 0.008
42.40466 0.003
42.40661 0.008
42.42567 0.009
42.44259 0.030
42.52372 0.007
42.52556 0.007
42.71679 0.016
42.74399 0.012
42.74491 0.012
42.75301 0.006
42.78006 0.001
42.86504 0.002
42.96696 0.059
43.00851 0.054
43.01416 0.014
43.01860 0.001
43.03838 0.002
43.05039 0.005
43.06821 0.002
43.06941 0.012
43.10400 0.001
43.12649 0.008
43.16290 0.012
43.24208 0.008
43.30093 0.012
43.35452 0.012
43.38945 0.013
43.39879 0.008
43.39915 0.002
43.47348 0.004
43.56789 0.016
43.60841 0.033
43.62061 0.059
43.62932 0.008
43.66370 0.010
43.68487 0.018
43.70749 0.009
43.72602 0.004
43.76200 0.004
43.80999 0.020
43.82867 0.021
43.88784 0.003
43.93524 0.012
43.97747 0.009
44.02235 0.010
44.05355 0.018
44.05883 0.004
44.11110 0.002
44.15074 0.004
44.15611 0.013
44.17344 0.009
44.18328 0.003
44.28871 0.011
44.30793 0.017
44.41406 0.002
44.43455 0.001
44.44445 0.005
44.49972 0.013
44.49983 0.027
44.52550 0.003
44.59301 0.002
44.63406 0.003
44.64406 0.011
44.65358 0.001
44.69283 0.049
44.72920 0.014
44.74094 0.003
44.78898 0.002
44.80345 0.034
44.83293 0.003
44.88635 0.009
44.89762 0.003
44.90805 0.002
44.92062 0.003
44.92154 0.006
44.94725 0.003
44.95956 0.002
44.99534 0.007
45.01857 0.003
45.03975 0.007
45.04350 0.021
45.05358 0.010
45.07199 0.009
45.15277 0.051
45.16221 0.007
45.18228 0.019
45.20674 0.004
45.23645 0.012
45.27742 0.007
45.28682 0.004
45.30131 0.007
45.32481 0.002
45.39676 0.022
45.40235 0.002
45.40326 0.011
45.42427 0.013
45.43344 0.010
45.43634 0.016
45.45742 0.022
45.46576 0.008
45.49091 0.012
45.51321 0.010
45.51532 0.005
45.55526 0.001
45.55824 0.028
45.57072 0.017
45.57868 0.040
45.60505 0.008
45.63245 0.002
45.64486 0.003
45.69093 0.008
45.70109 0.001
45.71929 0.003
45.72283 0.007
45.72634 0.003
45.74962 0.006
45.75364 0.003
45.77377 0.004
45.79770 0.003
45.80017 0.003
45.85061 0.038
45.94371 0.001
45.98592 0.028
45.99294 0.004
46.01737 0.004
46.02331 0.004
46.03543 0.027
46.04117 0.004
46.13566 0.064
46.14419 0.003
46.20573 0.005
46.22014 0.004
46.22111 0.003
46.26382 0.007
46.28280 0.003
46.29321 0.006
46.33086 0.003
46.34694 0.008
46.34751 0.002
46.36926 0.055
46.38623 0.005
46.39440 0.002
46.40656 0.004
46.44994 0.007
46.46756 0.003
46.48092 0.027
46.48776 0.001
46.50278 0.014
46.50530 0.017
46.51230 0.005
46.53209 0.022
46.53268 0.002
46.57626 0.009
46.59408 0.011
46.60019 0.003
46.62425 0.021
46.64883 0.013
46.71536 0.002
46.73814 0.004
46.76086 0.011
46.76636 0.007
46.83961 0.003
46.85374 0.032
46.95502 0.012
46.95511 0.003
47.02734 0.003
47.05905 0.008
47.06588 0.007
47.11711 0.003
47.13177 0.009
47.14874 0.003
47.17001 0.002
47.23020 0.019
47.27267 0.002
47.28317 0.017
47.31132 0.002
47.31269 0.004
47.36380 0.010
47.37979 0.002
47.45448 0.004
47.46488 0.058
47.47061 0.001
47.48750 0.002
47.50181 0.004
47.54241 0.001
47.54448 0.010
47.56177 0.001
47.57264 0.010
47.62315 0.002
47.66213 0.019
47.66475 0.005
47.67077 0.013
47.69622 0.001
47.69845 0.005
47.72567 0.007
47.74349 0.009
47.77760 0.003
47.77893 0.010
47.81607 0.010
47.82688 0.003
47.86573 0.013
47.87303 0.004
47.90516 0.003
47.90858 0.012
47.95858 0.011
47.98175 0.006
47.98541 0.036
47.98916 0.003
48.08142 0.002
48.20244 0.008
48.20516 0.008
48.21243 0.012
48.21292 0.001
48.22257 0.008
48.22294 0.034
48.26514 0.018
48.29502 0.002
48.29510 0.016
48.30439 0.001
48.32583 0.001
48.34024 0.004
48.34738 0.001
48.35860 0.026
48.37002 0.007
48.37933 0.021
48.40415 0.014
48.41190 0.005
48.45779 0.007
48.47453 0.002
48.47874 0.054
48.49511 0.001
48.55130 0.001
48.55840 0.008
48.56877 0.002
48.59180 0.006
48.69282 0.003
48.69673 0.009
48.77626 0.007
48.80192 0.007
48.80554 0.003
48.83071 0.075
48.84797 0.036
48.86885 0.009
48.87541 0.003
48.91086 0.012
48.92844 0.004
49.02212 0.006
49.05138 0.003
49.05211 0.014
49.09046 0.005
49.09913 0.004
49.10127 0.004
49.12642 0.006
49.14107 0.004
49.17019 0.005
49.22362 0.013
49.24197 0.014
49.33560 0.020
49.34133 0.002
49.36025 0.002
49.36727 0.016
49.38182 0.002
49.39322 0.014
49.44288 0.001
49.46467 0.004
49.46617 0.008
49.47711 0.005
49.48130 0.009
49.50205 0.002
49.52818 0.009
49.54214 0.011
49.57105 0.070
49.59060 0.003
49.59921 0.024
49.62109 0.003
49.66739 0.005
49.68523 0.004
49.72858 0.001
49.74232 0.029
49.79022 0.004
49.79153 0.003
49.79410 0.004
49.82300 0.002
49.83873 0.007
49.84886 0.002
49.85067 0.003
49.86115 0.004
49.90294 0.002
49.94106 0.014
49.98701 0.010
50.01373 0.008
50.01991 0.007
50.04921 0.001
50.08875 0.018
50.11979 0.002
50.15492 0.005
50.19432 0.002
50.26336 0.011
50.31247 0.002
50.31322 0.009
50.38080 0.002
50.38430 0.010
50.39949 0.002
50.43256 0.002
50.45083 0.033
50.47650 0.002
50.49599 0.003
50.50433 0.016
50.51842 0.009
50.52542 0.006
50.54001 0.002
50.54723 0.016
50.55009 0.002
50.57888 0.008
50.62572 0.010
50.72696 0.006
50.80668 0.005
50.81697 0.003
50.92616 0.081
50.92718 0.018
50.93426 0.015
50.95571 0.017
50.95885 0.001
50.96895 0.010
50.97694 0.010
51.02596 0.014
51.03428 0.002
51.07385 0.002
51.12208 0.008
51.13440 0.007
51.15000 0.005
51.15613 0.003
51.16415 0.006
51.18021 0.002
51.18062 0.004
51.19788 0.015
51.23139 0.001
51.23802 0.001
51.29827 0.038
51.31441 0.003
51.31549 0.009
51.32932 0.002
51.35695 0.006
51.36795 0.007
51.37119 0.006
51.41569 0.004
51.42156 0.015
51.42538 0.005
51.43879 0.002
51.45158 0.002
51.48949 0.003
51.50956 0.001
51.56194 0.005
51.56845 0.006
51.58935 0.012
51.62926 0.004
51.65445 0.019
51.66547 0.006
51.68567 0.004
51.71134 0.003
51.80870 0.001
51.84504 0.022
51.95069 0.001
52.04111 0.005
52.04876 0.002
52.05072 0.009
52.07025 0.004
52.09644 0.008
52.12443 0.001
52.13376 0.002
52.24079 0.015
52.25900 0.003
52.28592 0.012
52.28630 0.001
52.29095 0.012
52.29528 0.003
52.30732 0.007
52.30889 0.008
52.33690 0.014
52.34450 0.006
52.36918 0.013
52.42600 0.005
52.45297 0.005
52.47953 0.007
52.50135 0.004
52.52985 0.042
52.56123 0.001
52.56434 0.001
52.57885 0.007
52.59720 0.004
52.61721 0.013
52.68094 0.003
52.72144 0.036
52.72945 0.007
52.73867 0.005
52.77224 0.028
52.78430 0.001
52.82402 0.005
52.84232 0.014
52.86769 0.002
52.92297 0.011
52.99003 0.001
53.00030 0.012
53.03805 0.004
53.04235 0.002
53.05227 0.011
53.07980 0.004
53.09278 0.002
53.10223 0.003
53.14107 0.007
53.16174 0.003
53.19656 0.003
53.20673 0.003
53.25409 0.014
53.29310 0.007
53.31309 0.003
53.33425 0.004
53.33437 0.010
53.35370 0.002
53.45357 0.003
53.53883 0.001
53.54483 0.003
53.56829 0.003
53.61235 0.001
53.64629 0.002
53.64987 0.006
53.67541 0.008
53.68895 0.004
53.75182 0.013
53.75647 0.001
53.76130 0.002
53.76247 0.002
53.77355 0.002
53.78909 0.019
53.82900 0.006
53.91251 0.001
53.95757 0.004
53.96287 0.002
53.99495 0.005
54.00478 0.002
54.10985 0.008
54.13681 0.001
54.15260 0.002
54.15882 0.003
54.16440 0.006
54.23943 0.001
54.25272 0.009
54.27109 0.005
54.27457 0.003
54.29453 0.002
54.29862 0.002
54.36745 0.009
54.38905 0.001
54.39283 0.012
54.41384 0.001
54.43245 0.006
54.43899 0.003
54.45410 0.001
54.46536 0.001
54.54795 0.004
54.62508 0.004
54.65220 0.010
54.67588 0.005
54.70856 0.005
54.73440 0.016
54.74409 0.002
54.80992 0.001
54.82711 0.006
54.89756 0.002
54.90683 0.003
54.93995 0.007
54.95846 0.003
54.97077 0.004
54.98397 0.003
54.99661 0.003
55.03586 0.006
55.04688 0.005
55.05805 0.005
55.08606 0.005
55.08855 0.011
55.10947 0.017
55.14287 0.008
55.16023 0.004
55.27923 0.008
55.33817 0.006
55.34877 0.002
55.35453 0.006
55.35879 0.002
55.42940 0.003
55.43080 0.003
55.44468 0.002
55.48319 0.011
55.51072 0.006
55.52044 0.010
55.52179 0.005
55.53256 0.006
55.55902 0.013
55.56913 0.008
55.59526 0.010
55.65428 0.001
55.66779 0.004
55.68874 0.005
55.69098 0.013
55.70038 0.002
55.72072 0.001
55.75144 0.017
55.75530 0.002
55.76633 0.009
55.76862 0.003
55.78355 0.003
55.83513 0.002
55.88482 0.003
55.89041 0.004
55.91669 0.006
55.94542 0.004
55.95805 0.003
55.97713 0.001
55.97862 0.001
55.98125 0.003
55.98146 0.008
56.04223 0.002
56.05258 0.004
56.05714 0.002
56.07179 0.004
56.08389 0.003
56.09127 0.001
56.16554 0.001
56.20258 0.004
56.20847 0.002
56.24207 0.005
56.26754 0.013
56.30678 0.001
56.33319 0.001
56.33840 0.004
56.34174 0.005
56.35042 0.003
56.35474 0.002
56.39733 0.002
56.40166 0.005
56.42411 0.004
56.43258 0.001
56.43307 0.005
56.51079 0.004
56.51352 0.002
56.53151 0.004
56.53168 0.004
56.54151 0.002
56.54632 0.002
56.57799 0.003
56.58100 0.002
56.59043 0.006
56.63285 0.004
56.65753 0.008
56.67150 0.005
56.67672 0.014
56.70029 0.002
56.73506 0.012
56.75010 0.004
56.77062 0.002
56.81210 0.003
56.81883 0.002
56.86759 0.003
56.90001 0.009
57.05538 0.006
57.17284 0.001
57.20823 0.002
57.21985 0.001
57.24084 0.012
57.24734 0.012
57.26529 0.005
57.28020 0.003
57.34479 0.001
57.35007 0.001
57.35910 0.002
57.39485 0.002
57.42514 0.002
57.42626 0.001
57.48692 0.002
57.50083 0.006
57.57554 0.002
57.58328 0.011
57.60453 0.001
57.61272 0.002
57.63655 0.005
57.69161 0.001
57.79031 0.001
57.81598 0.004
57.85252 0.007
57.88070 0.002
57.88765 0.001
57.94318 0.002
57.98326 0.002
57.99824 0.003
58.00258 0.004
58.00578 0.001
58.01611 0.004
58.01639 0.002
58.02206 0.001
58.03043 0.001
58.06643 0.002
58.20317 0.001
58.23280 0.001
58.27590 0.002
58.28977 0.006
58.32744 0.002
58.34567 0.002
58.38024 0.002
58.40943 0.004
58.42899 0.003
58.45023 0.004
58.62594 0.006
58.62622 0.001
58.63912 0.004
58.68867 0.008
58.76720 0.002
58.77276 0.002
58.78345 0.002
58.80387 0.005
58.81158 0.011
58.81385 0.003
58.81578 0.003
58.86949 0.002
58.93457 0.001
58.98465 0.004
58.99673 0.007
59.01058 0.001
59.05240 0.003
59.06751 0.002
59.08213 0.003
59.10730 0.003
59.15906 0.002
59.16526 0.002
59.17810 0.001
59.22700 0.002
59.29099 0.001
59.36693 0.004
59.36724 0.004
59.37336 0.010
59.37754 0.004
59.37975 0.001
59.41363 0.003
59.42722 0.004
59.44242 0.002
59.46888 0.001
59.48117 0.001
59.49171 0.002
59.56458 0.002
59.58172 0.003
59.58761 0.002
59.59075 0.004
59.63017 0.003
59.64063 0.002
59.66257 0.003
59.75177 0.003
59.79585 0.005
59.82125 0.003
59.82793 0.003
59.83397 0.001
59.84592 0.002
59.85799 0.001
59.87466 0.011
59.87709 0.006
59.90226 0.001
59.97675 0.002
