4.75312 100.000
4.77720 99.392
5.30464 95.745
7.92187 9.375
8.87386 7.846
8.91268 7.140
9.51444 10.441
9.56273 11.175
10.62068 10.816
12.17452 4.543
12.20295 3.998
13.22843 2.749
13.29819 2.690
13.84799 3.537
13.88972 3.314
14.29229 0.005
14.36505 0.011
15.88192 2.423
15.95978 0.026
16.72747 0.117
16.78299 0.113
17.80150 0.907
17.82001 0.127
17.87986 0.954
17.91781 0.124
19.04328 0.355
19.08616 0.286
19.09527 0.100
19.19288 0.032
20.05358 0.060
20.08273 0.389
21.33400 0.086
21.41168 0.087
21.49374 0.001
22.11491 0.147
22.22625 0.059
22.65162 0.037
22.74840 0.022
22.83104 0.072
23.91467 0.004
23.92002 0.042
23.93237 0.348
23.97115 0.478
24.05538 0.203
24.07205 0.543
24.18367 0.899
24.34983 0.134
24.39346 0.047
24.54710 0.022
24.61658 0.040
24.71632 0.018
24.71684 0.427
24.83526 0.695
25.04377 0.059
25.12704 1.470
25.17156 1.413
25.20573 0.073
25.33174 0.997
25.39459 0.642
26.18158 0.005
26.21625 0.688
26.28112 0.028
26.29020 0.029
26.34444 1.626
26.36596 0.053
26.39507 0.085
26.46949 3.351
26.52451 0.466
26.57618 1.818
26.58956 5.041
26.63738 0.006
26.75617 0.285
26.77983 0.005
26.82939 0.320
26.83970 0.069
26.95910 0.039
27.03161 0.345
27.10597 0.165
27.22040 0.009
27.30509 0.474
27.31429 0.028
27.43093 0.675
27.46650 0.008
27.46990 5.944
27.90356 0.014
27.98894 0.002
28.12705 0.011
28.31753 0.181
28.46736 0.027
28.51632 0.600
28.57367 0.349
28.65767 0.441
28.68877 0.033
28.71485 0.413
28.74850 0.539
28.80877 0.067
28.81318 0.277
28.95540 0.003
28.96227 0.201
29.01945 0.048
29.04795 0.172
29.08314 0.043
29.09346 0.006
29.14467 0.116
29.17975 0.019
29.63471 0.125
29.72510 0.063
29.74384 0.043
29.95369 0.096
30.13898 0.193
30.23618 0.047
30.55331 1.131
30.97773 0.002
31.00924 0.144
31.16076 0.036
31.18979 0.006
31.20447 0.002
31.20573 0.075
31.24405 0.005
31.30482 0.066
31.34398 0.008
31.36576 0.003
31.42646 0.250
31.47597 0.003
31.49845 0.073
31.53457 0.121
31.53783 0.409
31.67690 0.077
31.80596 0.036
31.82337 0.004
31.83723 0.002
31.94803 0.009
31.96217 0.018
32.09814 0.122
32.17497 0.030
32.22407 0.002
32.24011 0.241
32.50896 0.004
32.53659 0.236
32.65100 0.006
32.78724 0.036
32.88253 0.119
33.20716 0.019
33.29474 0.041
33.37319 0.176
33.74802 0.225
33.84506 0.017
33.86466 0.064
33.89153 0.102
33.92409 0.186
33.94018 0.037
34.16742 0.026
34.21958 0.030
34.25972 0.250
34.31220 0.026
34.37411 0.022
34.40484 0.037
34.40768 0.037
34.69722 0.135
34.73354 0.034
34.75471 0.047
34.81159 0.003
34.82474 0.072
34.90823 0.001
34.96535 0.033
35.10876 0.011
35.22496 0.027
35.25763 0.003
35.32944 0.003
35.59842 0.004
35.91956 0.002
35.94275 0.024
36.05176 0.001
36.09022 0.054
36.10605 0.084
36.11949 0.034
36.16293 0.023
36.21463 0.005
36.30862 0.004
36.33902 0.037
36.36742 0.018
36.45937 0.005
36.47291 0.215
36.58318 0.057
36.72635 0.003
36.78336 0.065
37.01738 0.070
37.09962 0.009
37.11073 0.081
37.17647 0.055
37.18908 0.010
37.20597 0.001
37.31347 0.011
37.31913 0.035
37.54391 0.013
37.65602 0.113
37.72484 0.003
37.76370 0.233
37.77674 0.002
37.80106 0.228
37.83833 0.028
37.89382 0.048
38.01878 0.003
38.03198 0.052
38.07911 0.031
38.16844 0.013
38.17740 0.075
38.36383 0.029
38.42126 0.002
38.43938 0.002
38.50418 0.003
38.66877 0.002
38.72919 0.022
38.74824 0.054
38.76460 0.002
38.78620 0.026
38.81264 0.126
38.87326 0.069
38.88649 0.011
38.94846 0.001
38.95237 0.031
39.02139 0.002
39.06663 0.012
39.20369 0.018
39.41721 0.002
39.45295 0.010
40.13688 0.097
40.14761 0.001
40.28593 0.019
40.41018 0.004
40.43084 0.013
40.44369 0.072
40.47700 0.084
40.48789 0.031
40.64856 0.031
40.65246 0.002
40.67530 0.003
40.68778 0.005
40.73499 0.001
40.81787 0.026
40.82917 0.120
40.84813 0.015
40.88177 0.073
40.91346 0.008
40.93556 0.031
40.94066 0.084
40.98445 0.175
40.98751 0.022
41.13265 0.050
41.28602 0.003
41.32347 0.036
41.36376 0.072
41.38197 0.012
41.48141 0.081
41.62960 0.048
41.78476 0.008
41.84172 0.001
41.96156 0.034
41.97446 0.029
42.03286 0.055
42.03523 0.012
42.06929 0.062
42.12886 0.037
42.34933 0.024
42.36692 0.035
42.37143 0.006
42.40064 0.005
42.53742 0.003
42.55117 0.028
42.68049 0.008
42.77068 0.096
42.86123 0.002
42.96599 0.006
42.98998 0.018
43.05653 0.009
43.16518 0.087
43.32504 0.434
43.38219 0.015
43.45606 0.154
43.59529 0.027
43.62045 0.036
43.68233 0.007
43.79418 0.440
43.82645 0.023
43.84966 0.235
43.88938 0.005
44.05998 0.011
44.09475 0.001
44.19942 0.003
44.29118 0.005
44.38780 0.036
44.48161 0.011
44.50470 0.001
44.55066 0.005
44.76026 0.044
44.84150 0.398
44.89532 0.028
44.92317 0.004
45.11122 0.080
45.11204 0.002
45.13607 0.002
45.20760 0.035
45.22663 0.007
45.35971 0.003
45.37307 0.006
45.39124 0.004
45.42562 0.007
45.48391 0.033
45.49913 0.086
45.51208 0.008
45.52315 0.047
45.52944 0.062
45.62626 0.016
45.63826 0.022
45.72205 0.002
45.90890 0.050
45.98817 0.294
46.00354 0.001
46.02890 0.012
46.06535 0.035
46.12736 0.005
46.25089 0.098
46.25231 0.028
46.25464 0.006
46.30652 0.006
46.46108 0.001
46.49008 0.035
46.53696 0.133
46.60143 0.011
46.61051 0.062
46.63746 0.069
46.64200 0.002
46.68319 0.004
46.72388 0.015
46.76132 0.005
46.87484 0.111
46.93559 0.022
47.01647 0.032
47.20476 0.218
47.20840 0.005
47.20873 0.036
47.23723 0.011
47.24014 0.093
47.35125 0.021
47.38141 0.020
47.50877 0.058
47.50933 0.002
47.79647 0.002
47.84690 0.035
47.86609 0.005
47.87788 0.018
47.93389 0.003
47.98211 0.036
48.07119 0.098
48.09910 0.042
48.14104 0.003
48.47927 0.011
48.68100 0.005
48.68469 0.009
48.86726 0.009
48.88948 0.015
48.91517 0.001
48.92544 0.011
48.96731 0.002
48.97036 0.020
48.98565 0.008
48.99692 0.038
49.04902 0.037
49.08032 0.002
49.17238 0.009
49.22466 0.006
49.26150 0.033
49.26317 0.010
49.26791 0.052
49.29739 0.006
49.32156 0.019
49.32651 0.011
49.45799 0.004
49.47657 0.025
49.50843 0.017
49.52702 0.003
49.53770 0.012
49.63084 0.025
49.64150 0.007
49.64271 0.003
49.67520 0.020
49.69861 0.011
49.75837 0.006
49.76434 0.021
49.77495 0.038
49.79422 0.007
49.83298 0.008
49.86787 0.001
49.89576 0.006
49.90745 0.004
49.92260 0.007
49.98987 0.212
50.06962 0.016
50.07125 0.004
50.08201 0.005
50.08737 0.007
50.10729 0.018
50.18749 0.024
50.19653 0.003
50.23934 0.045
50.24494 0.006
50.24638 0.021
50.25216 0.065
50.32142 0.029
50.33199 0.006
50.41041 0.012
50.45926 0.001
50.50476 0.019
50.53519 0.010
50.53684 0.003
50.55784 0.024
50.60231 0.018
50.60529 0.004
50.68085 0.007
50.68700 0.003
50.68812 0.029
50.70384 0.025
50.77206 0.019
50.78579 0.004
50.89654 0.023
50.92618 0.017
50.92763 0.003
50.94423 0.040
50.96363 0.001
50.99113 0.024
51.08700 0.003
51.09387 0.066
51.10144 0.003
51.10847 0.009
51.21088 0.039
51.21322 0.013
51.22055 0.011
51.25500 0.014
51.30101 0.130
51.31074 0.046
51.40859 0.001
51.46389 0.009
51.47419 0.015
51.49224 0.017
51.51608 0.002
51.57615 0.022
51.67268 0.008
51.74508 0.009
51.74679 0.004
51.77686 0.015
51.80914 0.006
51.84007 0.005
51.87524 0.003
51.92829 0.006
51.96232 0.002
51.97746 0.030
51.99148 0.029
52.02026 0.007
52.07044 0.007
52.10489 0.012
52.14500 0.010
52.14804 0.004
52.15266 0.009
52.15676 0.044
52.22990 0.030
52.30739 0.002
52.30941 0.030
52.35542 0.003
52.45833 0.015
52.46210 0.006
52.48347 0.005
52.56993 0.005
52.58752 0.095
52.60116 0.011
52.61319 0.059
52.65274 0.028
52.67033 0.001
52.76052 0.005
52.86732 0.040
52.88087 0.010
52.91226 0.005
52.97313 0.023
53.02155 0.012
53.15051 0.004
53.15517 0.029
53.41880 0.005
53.42503 0.002
53.43583 0.032
53.45118 0.008
53.49454 0.013
53.50453 0.009
53.55604 0.007
53.56374 0.001
53.56957 0.032
53.68491 0.003
53.69110 0.016
53.69171 0.001
53.75378 0.006
53.77115 0.004
53.77412 0.005
53.81392 0.015
53.84397 0.007
53.84585 0.015
53.87130 0.003
53.90069 0.031
53.90629 0.028
53.94705 0.015
53.95940 0.094
53.96472 0.004
53.99543 0.002
54.08888 0.083
54.09182 0.010
54.10875 0.011
54.11908 0.017
54.14256 0.008
54.17163 0.008
54.19185 0.007
54.27448 0.007
54.27574 0.004
54.27606 0.009
54.36532 0.010
54.46037 0.001
54.47448 0.015
54.48167 0.007
54.50110 0.090
54.50786 0.161
54.57370 0.017
54.60450 0.004
54.62161 0.005
54.73483 0.017
54.76416 0.137
54.82403 0.006
54.84824 0.002
54.86901 0.012
54.88066 0.016
54.88559 0.073
54.88860 0.013
54.92203 0.004
54.96335 0.040
54.97509 0.002
54.98557 0.002
55.10133 0.002
55.13892 0.007
55.16442 0.006
55.16796 0.006
55.20358 0.007
55.29037 0.010
55.29062 0.030
55.32625 0.001
55.36655 0.207
55.36851 0.003
55.37496 0.011
55.44109 0.026
55.48372 0.003
55.48768 0.020
55.49923 0.320
55.51819 0.009
55.57539 0.010
55.65843 0.005
55.70255 0.002
55.73483 0.019
55.74745 0.016
55.79647 0.002
55.84176 0.034
55.84616 0.005
55.89845 0.006
55.96329 0.001
55.99857 0.024
56.06275 0.001
56.12360 0.036
56.15043 0.023
56.18072 0.025
56.33708 0.022
56.36086 0.003
56.36294 0.049
56.48357 0.007
56.55440 0.037
56.59238 0.010
56.59897 0.014
56.61227 0.005
56.61464 0.001
56.63350 0.004
56.64894 0.010
56.66535 0.005
56.67186 0.025
56.70065 0.070
56.77268 0.027
56.81073 0.041
56.81084 0.007
56.81907 0.014
56.83656 0.014
56.87673 0.037
56.94634 0.006
57.12881 0.011
57.16645 0.004
57.18198 0.003
57.22019 0.031
57.25468 0.004
57.31961 0.031
57.39887 0.079
57.43302 0.010
57.46076 0.017
57.48446 0.016
57.65973 0.002
57.73055 0.025
57.78158 0.012
57.80034 0.008
57.83296 0.001
57.83899 0.022
57.84897 0.003
57.86339 0.011
58.02583 0.042
58.08939 0.002
58.12605 0.003
58.13783 0.009
58.14012 0.010
58.23724 0.003
58.29389 0.056
58.29703 0.003
58.32698 0.002
58.34985 0.022
58.35200 0.024
58.40911 0.015
58.41702 0.001
58.41804 0.029
58.41887 0.001
58.42774 0.005
58.44097 0.026
58.48280 0.025
58.50027 0.001
58.57856 0.005
58.62760 0.001
58.63358 0.010
58.86241 0.019
58.86863 0.002
58.91192 0.009
58.91989 0.010
58.98445 0.004
59.00921 0.001
59.02095 0.006
59.05062 0.003
59.06152 0.008
59.08964 0.001
59.10607 0.003
59.11383 0.006
59.15127 0.002
59.15846 0.012
59.17009 0.010
59.19406 0.001
59.22604 0.001
59.22653 0.006
59.24545 0.007
59.27136 0.055
59.28927 0.006
59.40534 0.027
59.44049 0.001
59.45415 0.003
59.49445 0.002
59.50578 0.001
59.53863 0.003
59.64574 0.024
59.67318 0.020
59.68302 0.016
59.77921 0.002
59.78667 0.007
59.80664 0.001
59.84544 0.001
59.88803 0.011
59.89985 0.004
59.91338 0.008
59.92703 0.056
59.93226 0.014
